1 -2.117782 -11.730046
1 -1.334315 -11.108612
1 -0.457405 -10.627958
1 0.280840 -9.953425
1 1.280839 -9.951984
1 2.269221 -10.103970
1 3.053268 -9.483267
1 3.854741 -8.885237
1 4.224986 -7.956303
1 3.984158 -6.985735
1 3.307124 -6.249783
1 2.393654 -5.842876
1 1.726485 -5.097971
1 1.023573 -4.386694
1 0.044960 -4.180983
1 -0.883627 -4.552097
1 -1.851369 -4.804040
1 -2.759280 -5.223204
1 -3.743337 -5.401059
1 -4.737016 -5.288801
1 -5.633795 -4.846323
1 -6.610845 -4.633312
1 -7.585439 -4.857291
1 -8.537167 -5.164235
1 -9.358148 -5.735190
1 -10.354496 -5.820576
1 -11.140329 -5.202137
1 -12.106141 -4.942896
1 -13.098962 -4.823281
1 -14.096820 -4.757863
1 -14.901660 -4.164371
1 -15.652687 -3.504100
1 -15.965021 -2.554127
1 -16.023389 -1.555832
1 -15.746690 -0.594876
1 -15.200627 0.242869
1 -14.858831 1.182643
1 -14.023860 1.732937
1 -13.092186 2.096232
1 -12.358786 2.776030
1 -11.403744 3.072498
1 -10.652484 3.732504
1 -10.277457 4.659518
1 -9.570820 5.367094
1 -8.699194 5.857266
1 -8.472912 6.831328
1 -7.738677 7.510223
1 -6.880530 8.023628
1 -6.110894 8.662110
1 -5.457419 9.419059
1 -5.020238 10.318432
1 -4.200312 10.890901
1 -3.280703 11.283737
1 -2.734079 12.121115
1 -2.357324 13.047428
1 -1.677234 13.780557
1 -0.870699 14.371742
1 0.126550 14.445870
1 1.024510 14.885948
1 2.013178 15.036063
1 2.804921 14.425208
1 3.215154 13.513227
1 3.964896 12.851497
1 4.484238 11.996931
1 4.733231 11.028425
1 4.921520 10.046312
1 5.571094 9.286014
1 5.794784 8.311353
1 5.438253 7.377070
1 4.822739 6.588943
1 4.524702 5.634389
1 4.129045 4.715991
1 3.331490 4.112745
1 2.862572 3.229503
1 2.495427 2.299339
1 2.326219 1.313759
1 2.541720 0.337255
1 3.125790 -0.474448
1 4.066871 -0.812631
1 4.894418 -1.374027
1 5.215318 -2.321140
1 5.156455 -3.319406
1 5.372770 -4.295730
1 6.054598 -5.027242
1 7.007790 -5.329608
1 7.865126 -5.844364
1 8.435952 -6.665435
1 9.351948 -7.066622
1 10.351919 -7.074290
1 11.292734 -6.735370
1 12.290177 -6.806824
1 13.272483 -6.994112
1 14.232295 -7.274753
1 15.210563 -7.067407
1 16.062725 -6.544129
1 16.861755 -5.942838
1 17.679233 -5.366878
1 18.592957 -4.960542
1 19.399541 -4.369423
1 19.533030 -3.378373
0 19.738191 -2.399644
2 -0.211913 -8.735625
3 -2.676593 7.717409
4 -7.023232 3.100938
5 -3.294128 6.584482
6 -5.927530 -2.973184
7 7.210375 -4.258227
8 -6.634957 -0.212012
9 -9.073276 4.535316
10 -3.719128 -1.596853
11 9.577101 -6.347359
12 -5.272451 0.508117
13 -7.788872 -2.467379
14 -8.263012 -2.115257
15 -4.668990 -1.967610
16 -0.988628 4.965956
17 3.549043 -5.729497
18 -9.955258 3.158372
19 0.980901 7.841238
20 1.726061 -8.254618
21 6.057847 -9.577994
22 9.265376 -9.762181
23 3.508481 2.057974
24 -8.415886 -6.959457
25 9.341522 -7.285464
26 0.896476 -1.636012
27 -8.249388 7.162132
28 0.613219 -5.360214
29 -2.636654 9.198186
30 -8.999679 0.184941
31 7.273372 2.384951
32 -6.956406 -9.300223
33 4.655649 9.528046
34 2.253953 6.317687
35 1.459189 8.897646
36 2.609390 -8.532618
37 -8.196703 5.548257
38 -5.976495 9.459568
39 6.647269 1.824477
40 3.644371 4.924410
41 3.819361 6.431800
42 -6.780681 9.409459
43 3.954239 -8.798869
44 2.499543 8.397444
45 -6.105600 1.192552
46 -1.711847 -0.412053
47 8.049073 0.598906
48 4.909884 -0.540730
49 -5.284293 3.162329
50 7.410803 -9.964207
51 3.980336 -4.180012
52 -8.254069 -6.437517
53 -1.944412 -0.494724
54 -2.586753 -6.119503
55 -5.716513 -3.755375
56 2.172867 7.290159
57 -3.764284 3.259838
58 -1.940880 -9.918497
59 6.763869 -4.534905
60 4.340383 -9.899048
61 5.077461 0.748394
62 6.108971 -8.161011
63 -2.924265 -1.220065
64 -6.782853 5.509365
65 -8.266873 1.978897
66 -2.313455 4.508614
67 -1.451618 5.455072
68 5.025963 -0.653267
69 -8.453701 -7.099536
70 -5.304689 9.332382
71 -7.400830 8.051500
72 8.563477 -9.191894
73 2.849065 -6.936152
74 6.741252 8.959902
75 1.997519 0.021264
76 9.710924 -5.102922
77 8.750833 4.948924
78 5.264127 -2.802669
79 -8.080595 3.031538
80 1.248895 0.886786
81 -3.965135 -5.063822
82 5.919983 -1.734306
83 -8.000753 -4.782201
84 5.886056 -5.300564
85 3.081295 0.616741
86 -7.755126 -0.751771
87 9.338234 -0.677917
88 -4.121462 3.664669
89 -0.256631 9.379914
90 -3.684741 -6.694877
91 6.030081 -1.025629
92 -5.338415 6.276978
93 9.601254 -3.226519
94 8.682176 6.757411
95 4.542963 9.221814
96 -9.111597 8.395728
97 2.884370 8.407733
98 -5.274087 3.105478
99 -3.371615 0.638083
100 6.856317 -4.379936
101 -6.065354 -7.849152
102 -1.938016 -1.762879
103 5.455821 4.655309
104 6.496759 -2.880340
105 0.304115 0.099329
106 -4.249390 -8.844270
107 0.916469 -2.149647
108 4.957781 7.434930
109 8.436965 8.133229
110 7.977613 9.137304
111 -1.324443 -0.925950
112 5.623298 8.243214
113 -6.437413 4.853119
114 -4.454900 9.312001
115 3.679408 -1.491699
116 2.893077 -0.414499
117 -8.623009 -0.791180
118 9.248257 -2.871287
119 5.524151 -7.116555
120 -2.877152 -9.307979
121 -5.795849 1.895158
122 -4.697758 3.676026
123 -2.190755 7.320532
124 -4.329356 5.777685
125 7.143188 2.126201
126 7.501032 7.038356
127 0.099295 5.751416
128 4.746519 1.028883
129 3.100876 -4.308553
130 -3.227931 8.658454
131 7.386528 -8.898671
132 -8.072968 -9.983288
133 -0.901357 -3.184134
134 4.760653 7.316981
135 4.502497 -8.891835
136 7.058202 -5.689827
137 -3.924080 -0.529669
138 1.014182 -8.400791
139 9.973957 8.257191
140 0.114216 -0.562868
141 -5.989795 2.859325
142 9.306762 4.292749
143 4.704772 -8.502364
144 -1.135510 -8.353586
145 -6.844622 9.849240
146 -8.742435 -2.178141
147 -8.955326 7.496786
148 -6.357679 -2.314854
149 -1.053831 -4.353902
150 -4.108824 -7.710977
151 2.347122 -4.987801
152 2.633877 -2.927786
153 1.542888 -9.019340
154 -7.591159 -6.348247
155 -2.544768 4.571220
156 -4.026813 -7.516195
157 0.446369 -5.000545
158 5.031541 7.971826
159 -9.001304 -7.047433
160 7.050776 8.529531
161 -4.118588 2.908539
162 6.212132 -6.733666
163 -4.900600 -6.498598
164 -2.620407 -0.097689
165 -0.709962 3.576150
166 7.951953 -4.701752
167 -0.340659 -5.235188
168 -8.405605 8.335820
169 -5.918460 -5.291309
170 -6.768191 -8.185794
171 4.270871 3.410192
172 -0.970180 -9.044008
173 9.365610 1.817995
174 -7.489419 7.455534
175 7.900265 4.656753
176 4.313644 5.932671
177 4.258132 8.131695
178 2.884131 -1.140846
179 -1.564048 9.669050
180 -0.214833 4.284709
181 -8.003145 -1.193715
182 2.038809 9.130662
183 1.882488 -9.969662
184 -1.797995 -7.199981
185 2.051025 -2.287393
186 6.331521 -6.147821
187 9.756831 -3.888896
188 -0.593578 0.856038
189 2.713636 -2.225051
190 -3.671993 5.570305
191 5.761417 0.083538
192 -1.002437 5.396208
193 7.212965 2.629249
194 -5.304776 -9.849613
195 -5.234614 -7.929022
196 0.876957 0.489605
197 9.154923 7.083413
198 -0.143456 -5.532057
199 1.317267 2.169771
200 -3.907262 7.123374
201 0.521517 3.343371
202 -4.601774 8.636616
203 1.948309 8.026998
204 -2.923490 -5.408181
205 3.613771 -0.569713
206 -6.667327 4.540147
207 7.802478 0.113049
208 -4.628254 7.993898
209 -4.730701 9.409989
210 9.413706 4.673576
211 -0.951712 -8.913561
212 -6.619174 -1.263427
213 5.881872 2.295545
214 -3.753426 -1.950568
215 -4.425127 7.976422
216 -4.661950 -2.417834
217 2.203990 7.059263
218 -0.398547 1.212797
219 7.593516 -3.516260
220 9.909118 4.192042
221 -4.862489 -7.840354
222 -8.485444 -0.800936
223 1.565441 9.893933
224 -5.602034 0.700033
225 -2.541035 -3.160963
226 -2.399458 8.199360
227 3.442747 5.659751
228 -5.969901 -6.627685
229 -2.500272 -3.896635
230 -8.487849 -9.681589
231 0.779865 -0.416370
232 -1.581573 -5.850908
233 2.409270 9.356501
234 1.555560 -5.508051
235 0.399097 -8.826264
236 -0.506662 2.697355
237 2.074791 4.520685
238 4.371232 5.268308
239 8.858226 -2.555082
240 7.395237 6.213997
241 -9.302183 -9.866750
242 5.144764 8.231226
243 -2.858990 8.536336
244 -3.842187 -1.522557
245 -0.213139 6.572227
246 6.607534 2.883221
247 9.413569 -8.274540
248 -8.702990 -8.643924
249 4.254964 -8.792312
250 2.201135 -4.985856
251 -8.001875 -1.588233
252 -4.611933 6.331894
253 -8.518755 5.114931
254 -9.479103 1.341924
255 -5.616318 8.667845
256 -2.035876 8.157312
257 6.792480 2.059535
258 -3.792892 0.183660
259 7.499254 -9.789439
260 6.731566 -9.964247
261 -8.970772 8.219990
262 -4.910384 -0.536597
263 -3.754551 9.028565
264 -6.810900 9.762555
265 -9.615028 -2.632863
266 7.578272 -1.680694
267 -5.110608 7.156140
268 -1.594505 5.590048
269 2.868946 -5.385969
270 -6.790253 -9.876533
271 5.287563 7.733389
272 7.986673 1.783708
273 -2.627838 -8.057037
274 5.627781 -1.876897
275 -4.851824 5.258084
276 -7.836762 -5.641350
277 9.354597 -7.430368
278 3.039091 -4.632990
279 -0.379330 2.488703
280 4.696802 -6.346270
281 7.210626 -5.510907
282 -6.654538 3.792806
283 6.691741 -5.143691
284 4.768761 6.411047
285 0.459120 7.727743
286 -3.283763 6.856001
287 7.390844 -1.012283
288 -6.711815 1.458420
289 4.429308 -1.032413
290 1.104516 -2.936642
291 7.435812 -4.677423
292 -9.660533 0.537445
293 -5.018310 -7.568271
294 3.120138 -8.859806
295 -6.564130 -6.471989
296 -5.611248 6.374497
297 2.423494 -0.841689
298 -5.860033 0.537483
299 2.176058 9.222424
300 8.702200 2.424071
301 -7.790755 -6.019008
302 -2.776842 -6.190241
303 8.611150 -9.775187
304 -3.973568 -7.904935
305 8.414563 4.694205
306 -2.809984 -6.408829
307 -7.345053 -1.962712
308 -9.167296 7.892911
309 9.136259 4.799976
310 8.228816 9.586954
311 8.770424 7.640915
312 5.232321 3.625553
313 2.112422 -8.226671
314 6.804080 2.194519
315 -7.533808 3.589430
316 2.973462 0.587177
317 -6.306112 -0.173270
318 -8.205585 7.375250
319 1.308713 0.315400
320 -0.067648 0.201729
321 -1.625503 -8.271115
322 7.962610 8.290664
323 6.463102 -3.065950
324 7.125228 -6.872975
325 7.117325 4.216345
326 7.172049 -8.233652
327 -9.882118 -9.423903
328 7.131427 -4.122542
329 -7.757277 -6.286814
330 6.274417 0.227909
331 -5.753132 9.388386
332 -0.260501 6.503901
333 9.257562 -1.668277
334 -6.090384 -3.112596
335 6.016674 -5.825482
336 -1.978182 6.184216
337 3.098400 8.137846
338 -9.139742 -1.486500
339 8.562284 9.617920
340 7.544962 8.948188
341 -7.818189 4.090583
342 8.402571 -8.152054
343 -6.922723 5.663872
344 -0.677399 2.279447
345 4.092534 -0.552615
346 -8.785764 4.065848
347 -9.167640 -7.967477
348 -9.200374 -1.046986
349 -7.423807 9.608841
350 1.481235 7.218861
351 -4.317469 -6.940641
352 5.201412 -4.971070
353 -8.213379 2.107840
354 0.295068 -2.196999
355 3.672766 2.023613
356 -2.444060 3.858952
357 5.200707 -8.380183
358 3.571134 -2.098138
359 -6.895530 -2.744351
360 -0.174218 3.255908
361 1.788667 1.648885
362 1.909000 -4.521293
363 6.378863 -4.562365
364 -2.821681 9.907046
365 5.355953 -3.122363
366 6.666409 5.680573
367 -0.564579 -7.166302
368 1.260980 6.269916
369 -5.310044 -6.971499
370 5.717762 -3.334805
371 -0.022470 -3.149080
372 -5.717375 3.697353
373 -6.421443 0.906835
374 7.641822 -9.709949
375 -8.911171 -2.927823
376 -4.923034 1.497161
377 9.032927 5.957380
378 9.011416 -5.229521
379 -4.524091 4.725089
380 7.636418 1.891041
381 3.569148 -7.335788
382 -7.012915 3.811901
383 -7.194516 3.615841
384 -7.454271 -8.613863
385 7.990101 1.183732
386 9.103598 -4.384285
387 6.332742 -9.152049
388 -5.266367 0.106433
389 7.976611 4.017036
390 4.392557 8.120604
391 1.658852 6.249072
392 -3.438282 4.836648
393 7.947554 0.738473
394 9.920259 -3.310558
395 7.813523 3.738972
396 0.233029 8.342915
397 -3.427954 -8.282252
398 -3.636890 7.120523
399 -2.605632 6.852453
400 1.851095 -5.475312
401 8.294229 0.440256
402 -5.182314 -8.583365
403 2.454942 -8.687592
404 -2.596150 -7.067334
405 -4.763169 -9.803093
406 5.459651 5.972344
407 0.098711 -6.214452
408 -4.798304 -4.019910
409 -2.716871 -6.807331
410 -9.400482 8.845954
411 -4.293728 -4.364720
412 6.455497 -9.175821
413 2.312597 -7.000924
414 5.866527 -2.916424
415 -4.968088 -8.414466
416 -5.167031 8.861662
417 4.998265 -3.253522
418 -6.103114 -8.359165
419 9.096873 8.898752
420 -9.517218 -7.746143
421 4.681867 -5.943435
422 9.009070 -2.562408
423 -9.342094 7.511892
424 -3.111811 -0.034723
425 6.266235 -9.554477
426 -3.791370 -8.650464
427 -0.092225 2.499040
428 -8.120517 -9.260873
429 5.389360 5.406990
430 4.734301 -9.196296
431 8.227950 -8.646699
432 -2.585604 3.876010
433 -0.641119 -5.998441
434 -2.599770 8.857109
435 2.244634 7.660998
436 -9.605813 -0.260736
437 -6.706325 5.959070
438 -9.457127 -7.520176
439 -7.528416 1.227512
440 -9.455110 2.810702
441 7.839363 0.415853
442 3.847273 -6.420388
443 2.899131 -2.828830
444 -5.363739 2.213535
445 8.265695 -9.450346
446 -6.084955 -8.747115
447 -3.685074 -6.661681
448 3.452268 -6.766137
449 -9.197300 8.589949
450 -7.936017 -3.006271
451 -9.990036 -2.690905
452 5.447794 -8.903145
453 1.647060 -7.193605
454 -3.343190 2.353161
455 -7.308605 8.938311
456 2.223315 -5.585181
457 7.491408 4.544453
458 -3.852222 -3.612183
459 4.325262 -8.916679
460 -5.454739 -2.513853
461 4.639089 -6.958427
462 5.105050 -9.108064
463 6.206374 7.853642
464 -9.727864 4.609232
465 0.619446 2.791966
466 7.107052 -8.808552
467 -7.517277 2.114874
468 0.305951 -2.827384
469 4.880661 -1.975218
470 -2.268388 -9.108598
471 1.111075 1.709013
472 -0.802095 1.608590
473 -0.105472 -0.725963
474 -2.331438 -2.648009
475 -9.467961 -1.007959
476 -3.893577 -9.374299
477 -5.371237 5.797011
478 -6.205123 -5.734951
479 -4.850106 4.916853
480 1.087324 -5.121863
481 -1.479664 2.005928
482 6.515484 0.983310
483 3.507083 4.996585
484 -6.276877 3.363237
485 -8.924677 6.251845
486 -0.244799 -7.036722
487 -7.288692 9.413640
488 -1.345768 1.586788
489 -3.417816 -3.718471
490 -5.193502 -7.056774
491 5.138279 7.598906
492 7.637494 8.479257
493 -7.779680 -3.615010
494 -4.779591 8.578751
495 7.491657 -8.089594
496 -3.598360 2.030439
497 -0.569236 -5.911102
498 -4.930961 -7.622906
499 -1.383045 -9.360539
500 2.456256 8.893485
501 -7.319297 0.788617
502 -6.647490 4.286350
503 8.452203 -7.061719
504 2.021594 8.979720
505 5.427114 4.930677
506 -8.519070 -7.699746
507 5.643853 -4.317508
508 1.432752 -0.095271
509 -8.483190 1.653269
510 4.096511 4.303340
511 -3.419389 8.489985
512 -4.972686 9.600563
513 1.614729 7.957930
514 -0.610227 -4.057849
515 7.065228 -9.375682
516 -9.417104 2.571527
517 -0.289258 -5.992050
518 9.069737 -4.563053
519 1.476369 -8.880734
520 -1.461602 -3.583905
521 2.050015 4.193234
522 4.006723 -4.283343
523 9.112557 -9.334019
524 9.684746 5.734136
525 -5.008047 5.897357
526 4.762668 -7.982341
527 3.371342 4.948759
528 2.144485 -5.876002
529 9.559835 4.315505
530 7.020481 1.145867
531 3.684632 -9.544595
532 -8.529233 0.463950
533 -7.430353 -8.297939
534 7.664588 1.864619
535 8.186550 -7.387746
536 8.582343 4.009952
537 -7.951188 0.029312
538 6.469398 6.261119
539 6.394105 4.107203
540 -0.542329 6.250969
541 5.440339 2.996788
542 0.652469 2.887896
543 9.441120 9.728232
544 0.711021 4.682844
545 3.393565 -0.922325
546 3.688573 6.882477
547 9.787332 9.195810
548 7.812912 4.428952
549 -8.712934 -4.168619
550 -0.044535 7.017864
551 -4.827905 -5.025072
552 0.991912 -1.864743
553 8.709920 -1.774295
554 7.696003 4.371611
555 -9.279099 -9.050008
556 -4.218429 -8.927353
557 0.585908 8.906888
558 -0.300053 9.654953
559 -7.609951 -4.867919
560 -7.512188 7.460858
561 4.702603 -8.220307
562 3.565467 8.342197
563 1.935097 -3.292175
564 0.871647 -1.111189
565 -8.004981 -4.505232
566 -3.498644 -3.582174
567 -4.552357 -8.848280
568 2.565973 8.797890
569 3.355477 6.811173
570 -7.858709 5.595297
571 -7.471130 5.334575
572 -4.380860 9.532137
573 2.516093 -8.036239
574 -9.039497 1.914601
575 -2.546820 4.431657
576 8.308326 5.021930
577 -8.917070 4.714915
578 0.902217 -3.007253
579 7.576344 -2.171985
580 -1.490941 -7.773642
581 -5.457399 -0.794501
582 -8.223646 5.225356
583 9.210846 4.988836
584 7.788888 -6.445423
585 3.182898 6.154278
586 -1.546828 -8.943998
587 -9.965560 -1.396831
588 7.004830 -3.026224
589 -3.936905 7.979653
590 6.698861 -2.239888
591 -1.303107 -7.942776
592 7.872736 5.587754
593 9.054622 -9.677112
594 8.786022 -9.028477
595 -1.032801 7.490815
596 9.409790 2.811384
597 -5.435206 -7.431991
598 -3.785658 -7.545978
599 -2.538647 -7.713403
600 -4.721850 -9.859235
601 -3.313573 4.985216
602 1.250786 4.570275
603 3.172274 4.272617
604 -7.329780 6.982754
605 -4.694833 2.111742
606 9.570706 2.777512
607 -0.597926 -1.381642
608 -5.554339 -0.330328
609 -2.236337 0.351766
610 -8.241732 5.109482
611 1.131044 -3.091983
612 -4.700310 -5.611621
613 9.404052 0.218465
614 -0.452215 -1.989140
615 9.880003 0.920071
616 -4.718177 -6.203344
617 6.059920 9.335347
618 -9.401937 -6.839131
619 9.217529 -4.836555
620 2.906528 8.224146
621 -7.326271 -8.697969
622 6.370118 -8.110826
623 -7.604325 -7.680270
624 6.004236 -1.617620
625 5.057164 0.301289
626 -9.727069 -8.551016
627 4.269235 5.253864
628 -0.447413 3.000208
629 0.518568 -3.311191
630 -5.205524 -7.413726
631 -2.234728 3.178908
632 4.010694 -5.171961
633 -1.178864 3.002271
634 -0.269273 -0.559508
635 -6.269752 -7.533120
636 -0.267973 7.075291
637 -3.660469 8.076993
638 4.363021 6.640555
639 -7.177583 -9.412491
640 1.239037 7.383136
641 -9.406849 -9.862595
642 -6.273525 1.451937
643 0.815797 7.435961
644 9.799399 -7.251772
645 3.047088 -7.696945
646 -4.160078 -5.049770
647 8.052257 7.284841
648 -3.701550 2.553595
649 0.456686 -7.814022
650 6.013289 3.491143
651 -3.418132 1.620940
652 6.899301 -4.630259
653 7.883962 0.942682
654 0.727593 0.153065
655 4.574915 5.781971
656 -0.388724 6.501360
657 -6.496788 2.312897
658 -3.226192 -3.242035
659 9.563620 9.104352
660 -1.539593 -6.672164
661 -4.539040 -7.361980
662 -9.575635 4.554118
663 4.152239 5.636230
664 -0.956880 -3.991639
665 4.372965 7.391427
666 -5.000866 -8.694795
667 1.832710 8.846531
668 -3.746536 -4.771174
669 8.527353 -4.310703
670 -3.262968 -6.079890
671 7.349865 4.327311
672 -5.005013 0.061894
673 -7.328719 4.744464
674 0.788047 8.898670
675 -3.958927 -4.351621
676 -8.008770 9.902715
677 -1.861841 -6.046411
678 4.347131 -0.440677
679 -3.484799 -4.157993
680 -3.106846 9.628868
681 -3.539188 -8.284564
682 -4.720385 -0.743829
683 4.027584 0.839515
684 4.555932 2.813864
685 -9.677328 -2.760408
686 4.971233 7.934800
687 9.245339 -2.624391
688 9.522992 7.756041
689 -7.513100 -6.905999
690 -3.324343 3.200205
691 1.104678 -0.266559
692 -4.253316 -5.887295
693 5.926325 6.448240
694 -3.827390 -0.157179
695 -7.973545 -8.812133
696 3.668942 9.659802
697 -6.632769 -5.421845
698 4.595244 -1.761000
699 -7.759605 -1.057706
700 0.736268 -6.535528
701 -4.747811 8.028650
702 7.173302 -8.706388
703 7.037057 -9.237606
704 -1.179833 -0.282266
705 4.900000 9.313977
706 -6.517896 -7.976529
707 -1.587483 -7.771517
708 5.238503 -6.769508
709 4.721389 2.195777
710 9.740669 -0.723308
711 2.624862 -9.953659
712 3.690780 2.470569
713 -5.299434 -7.472125
714 4.122990 1.316441
715 9.934797 -6.623685
716 -5.792270 -9.066684
717 -5.665751 5.761089
718 -3.273164 -8.009425
719 7.764452 4.137191
720 6.283561 -8.210172
721 -1.906034 -3.481247
722 3.106074 -0.912725
723 -5.091806 -4.458101
724 4.647076 1.420626
725 -4.142172 5.869877
726 -0.112449 -3.966068
727 1.479146 -5.833177
728 0.821887 -9.662890
729 -2.433801 2.980298
730 -9.778348 7.993709
731 8.831731 -5.493052
732 -4.501306 2.589826
733 -6.023876 -4.249183
734 -6.307484 -8.575541
735 -1.765812 -7.205058
736 -8.356257 -7.557922
737 5.965741 4.228590
738 4.109127 -4.113375
739 1.928309 -9.768472
740 -7.262059 1.247660
741 -5.951504 1.999697
742 -4.047075 -5.301478
743 -1.677731 7.017867
744 -2.688953 0.605175
745 5.594927 0.455522
746 7.805484 0.392676
747 1.095411 -7.337172
748 0.077537 8.314303
749 -7.176492 -4.988091
750 8.446404 2.844419
751 -8.493321 -9.767961
752 0.312901 4.905029
753 7.561155 7.973932
754 8.280610 4.736149
755 2.512668 -5.320452
756 -0.151807 0.221686
757 6.596977 -9.025519
758 0.616618 -5.070140
759 5.594414 5.354460
760 0.280808 4.786451
761 6.028478 -9.945351
762 -8.799160 3.854711
763 7.973003 -8.456814
764 -2.866763 -9.778074
765 -6.141613 8.720983
766 6.513325 -2.947897
767 -3.400572 8.365552
768 -9.926945 -8.715735
769 3.425076 -7.024475
770 4.641961 0.370709
771 6.979523 1.711621
772 0.618336 -6.360268
773 0.694824 -6.464144
774 -8.791413 0.176108
775 -3.480326 -3.938780
776 -6.348226 -1.749724
777 -4.782551 -3.300258
778 1.842973 0.484254
779 -5.060862 9.931091
780 3.525647 -8.424856
781 4.401987 -6.451890
782 9.441027 -9.313070
783 9.949502 7.488840
784 -6.891725 9.808359
785 0.341105 5.937117
786 9.967536 -3.796506
787 -8.646139 0.158679
788 6.070596 2.759845
789 3.412640 -1.511365
790 8.947168 -4.622419
791 6.949947 -2.726630
792 -8.285213 2.032769
793 -9.512403 1.399046
794 7.716190 8.886855
795 5.237731 -1.779836
796 2.380010 8.793374
797 -2.241484 -2.226870
798 -8.084855 8.672234
799 8.279171 4.497666
800 6.853389 2.985522
801 -8.742233 8.840949
802 -3.036715 -4.677503
803 -4.949586 1.728622
804 -0.487770 -1.275833
805 0.118688 -3.682632
806 3.865385 -8.066956
807 8.599092 2.012703
808 6.563876 -4.535086
809 -3.227045 9.548642
810 7.022093 1.164739
811 1.191197 -2.117937
812 0.785810 -8.917519
813 -2.093114 -6.837122
814 -2.393239 -4.617598
815 -3.535178 4.743086
816 -4.747125 -8.271385
817 9.047312 -5.835459
818 -5.707082 6.101198
819 -7.695122 3.849941
820 8.087565 9.376557
821 -3.253598 -0.764268
822 6.076206 -4.534927
823 1.402703 0.211871
824 -2.477702 1.518629
825 4.996522 -2.887025
826 7.812655 -6.215659
827 -1.172414 -0.286854
828 0.985255 8.600395
829 8.051800 4.812530
830 -1.572828 0.666331
831 8.947462 5.631297
832 -6.828473 -4.617187
833 -2.942580 3.624477
834 -4.468391 2.418413
835 -9.466194 -2.987708
836 -7.266682 2.722836
837 6.226683 -0.494485
838 -7.649569 8.538821
839 -5.917105 6.413725
840 1.986143 -3.673595
841 0.071078 5.930179
842 8.165570 1.004534
843 -8.337733 5.911304
844 5.496702 -7.403897
845 -3.436944 6.143544
846 4.507580 -7.434833
847 -0.687501 -0.068507
848 5.157674 1.764787
849 2.736393 5.111606
850 -3.990585 -9.781149
851 1.454455 -3.859768
852 3.423297 -7.357572
853 -8.659577 -6.979146
854 -0.417044 -9.576425
855 -8.786025 0.126958
856 -6.348132 2.281594
857 -9.954157 -0.426735
858 -4.078092 1.371991
859 2.678020 -3.203985
860 3.775652 -4.456077
861 4.580738 -5.770800
862 3.497952 -2.066058
863 6.796358 0.887493
864 -3.971296 2.996068
865 -4.092716 6.735095
866 -8.325781 6.111133
867 1.727088 -7.010335
868 6.113077 -5.689298
869 -7.194829 -9.810586
870 -0.433488 2.936107
871 2.680258 2.300677
872 -0.965393 2.726149
873 1.586490 2.038100
874 2.456460 5.912846
875 6.917871 7.488647
876 8.830638 2.371583
877 1.477689 4.514081
878 -3.005883 6.386861
879 -2.110985 -9.958130
880 6.169673 4.053930
881 -9.330917 9.468298
882 -8.994007 -2.955009
883 0.745798 -8.459825
884 5.108515 -7.219130
885 6.989997 -5.558463
886 -3.657292 -9.853864
887 -3.706459 -5.752829
888 -3.154059 -8.945224
889 -7.002240 -9.382718
890 -2.661007 -4.887221
891 -4.503831 9.595675
892 -4.678604 2.434506
893 -5.543553 4.371150
894 3.394813 0.752625
895 0.973458 2.387130
896 -1.891915 3.146172
897 9.902172 -2.238102
898 6.267408 -0.028255
899 -4.815077 -4.297898
900 -5.743745 9.187108
901 -3.275562 4.189855
902 2.496183 1.081379
903 -4.335173 2.178575
904 9.194648 0.349815
905 -1.099945 7.523694
906 -1.757322 4.809975
907 -3.108226 -2.480634
908 -9.129238 4.071276
909 0.929339 7.904921
910 -3.748079 0.576523
911 0.115415 -0.075448
912 -1.675483 2.785080
913 -2.781918 -5.054634
914 2.539772 -9.203013
915 1.405450 6.923526
916 8.955456 -1.330921
917 -8.368835 9.596808
918 -7.872132 -3.906101
919 6.497694 9.783755
920 -3.383455 -7.110431
921 -5.153991 7.981039
922 -1.608876 1.994779
923 -9.223542 -6.984293
924 1.940209 -4.963627
925 -7.213877 5.653297
926 2.565949 -1.070103
927 -6.081417 3.656156
928 -7.091300 -5.085467
929 -4.961892 -5.182808
930 1.288795 -1.560844
931 5.177612 4.330265
932 -0.869321 4.231447
933 -7.348853 -8.602039
934 -2.740102 -7.103557
935 -2.538074 6.462307
936 5.332293 -5.016467
937 -3.440055 -6.349393
938 1.425397 -8.095332
939 1.946337 0.379013
940 2.448482 -6.165262
941 4.842005 -6.315234
942 3.411852 0.001370
943 -7.472166 0.572847
944 -1.721277 -9.216865
945 9.691709 -5.047676
946 6.363060 -1.825855
947 -0.707087 -5.762022
948 8.599010 3.755120
949 -4.289287 -9.045184
950 8.120594 -2.217496
951 -0.171003 -8.677905
952 3.064810 5.361651
953 7.954917 -1.673925
954 5.861165 -0.540760
955 -4.672090 7.783526
956 -2.464895 2.198695
957 -4.148492 5.283151
958 -3.329298 5.833216
959 -4.524571 -1.962307
960 -5.750907 -5.261241
961 -8.582042 1.002489
962 2.551554 1.121067
963 -9.233284 -1.027653
964 -1.238242 3.881060
965 2.290075 5.779489
966 9.096874 9.197673
967 8.306839 9.645027
968 -0.650481 4.851321
969 3.296942 6.091251
970 6.892167 -4.528975
971 7.941285 8.822255
972 -5.221942 5.492417
973 5.731837 8.379657
974 -8.296073 8.368211
975 -8.377741 0.992822
976 -2.128319 -8.910861
977 3.984963 -5.307515
978 1.386465 1.361317
979 -0.973220 4.441059
980 3.746650 -4.812960
981 -3.919921 6.322839
982 -9.591113 -8.200334
983 -9.935654 -1.480504
984 -6.824546 -1.007533
985 3.637052 9.744317
986 -2.482392 1.417341
987 -7.553026 8.318479
988 6.072224 -3.369048
989 0.624784 -4.502338
990 -6.600451 3.819683
991 -0.124256 -8.273747
992 0.833056 -7.782893
993 -5.925482 5.541941
994 -4.397926 3.568705
995 -8.358538 6.252343
996 7.708557 4.139737
997 -6.833192 5.038143
998 -7.154467 -0.664066
999 1.980180 1.773157
1000 7.823954 0.508598
1001 5.856028 -2.638323
