1 -0.312756 13.251444
1 0.340077 14.008946
1 1.334246 13.901110
1 2.127776 13.292578
1 3.096200 13.043271
1 3.876184 13.669070
1 4.653984 13.040559
1 4.752486 12.045422
1 4.580737 11.060281
1 3.834018 10.395142
1 2.877908 10.102136
1 1.958394 9.709077
1 0.959102 9.746688
1 0.095130 9.243148
1 0.961152 8.743142
1 0.887616 7.745849
1 1.597270 7.041299
1 2.591206 7.151261
1 3.302810 6.448680
1 4.285489 6.633996
1 4.836251 5.799334
1 5.256498 4.891924
1 5.051963 3.913065
1 4.054731 3.987416
1 3.614529 4.885315
1 3.460380 5.873363
1 4.309389 5.344985
1 4.227572 4.348337
1 4.792344 3.523090
1 4.472310 2.575684
1 3.473809 2.520944
1 2.930338 3.360372
1 1.944518 3.192569
1 1.038962 2.768341
1 0.955272 1.771849
1 1.818946 2.275899
1 2.298260 1.398256
1 3.282866 1.223467
1 4.113179 0.666170
1 4.531268 -0.242236
1 5.459361 -0.614585
1 5.359211 -1.609558
1 4.525753 -2.162141
1 5.061402 -3.006582
1 4.349848 -3.709213
1 4.051213 -4.663580
1 4.717319 -5.409437
1 4.975601 -6.375506
1 5.035103 -7.373735
1 4.113727 -7.762409
1 3.930045 -8.745394
1 3.060908 -9.239965
1 2.060999 -9.226432
1 1.156679 -9.653288
1 0.391390 -10.296975
1 0.151223 -11.267706
1 1.149975 -11.317633
1 0.882009 -10.354205
1 1.796964 -9.950647
1 2.638669 -10.490585
1 3.626456 -10.334775
1 4.103775 -11.213505
1 3.690582 -12.124148
1 2.716040 -11.899941
1 2.161186 -11.067994
1 2.510091 -10.130835
1 1.743678 -9.488487
1 0.752337 -9.357170
1 -0.102057 -8.837546
1 -0.727572 -8.057334
1 -1.099335 -7.129006
1 -1.936749 -6.582436
1 -2.132296 -5.601741
1 -2.824405 -4.879948
1 -3.640868 -4.302551
1 -4.619536 -4.097101
1 -5.377453 -3.444749
1 -6.068133 -2.721589
1 -6.417204 -1.784493
1 -7.382630 -2.045171
1 -7.343528 -3.044406
1 -8.198966 -2.526501
1 -8.236738 -1.527215
1 -8.416896 -0.543577
1 -8.740673 0.402557
1 -9.521254 1.027611
1 -9.632857 2.021364
1 -8.635862 1.943898
1 -7.837890 1.341203
1 -6.853962 1.162640
1 -6.266403 0.353458
1 -5.386696 -0.122058
1 -4.986612 0.794421
1 -5.824228 1.340681
1 -6.617167 1.949982
1 -7.541482 2.331612
1 -8.533501 2.457698
1 -9.295880 1.810567
1 -8.737276 0.981132
1 -7.899506 0.435109
0 -7.598343 1.388681
2 -9.779269 7.347564
3 2.828521 5.680266
4 -6.886737 4.524683
5 0.555559 2.706267
6 3.135357 -6.974703
7 8.190430 -9.689806
8 -1.011807 8.035388
9 4.143564 4.980798
10 7.057213 9.787626
11 -6.434600 -1.118840
12 6.201670 -1.150497
13 -2.960663 -6.625067
14 7.897566 -8.983608
15 3.275751 -4.949352
16 -5.504513 -3.643097
17 2.968037 5.538823
18 8.418452 -9.836266
19 -5.974420 5.001007
20 -0.744436 -6.246188
21 8.577491 -7.918857
22 -6.015111 -5.983544
23 -7.179140 3.744606
24 -0.355055 0.600000
25 -2.543516 -5.867702
26 -6.126274 -4.852447
27 -1.317344 -9.617268
28 1.052941 1.858540
29 -3.709047 -8.613240
30 -0.177189 0.031486
31 8.085267 -1.551368
32 -8.396256 -4.633089
33 -4.426218 2.144999
34 3.175262 6.481566
35 2.682028 -7.073627
36 -6.687924 -7.745085
37 -7.323193 -1.966603
38 9.367166 -4.394114
39 1.823454 -4.883307
40 3.554230 9.753617
41 1.367113 -6.215744
42 -1.576982 6.541210
43 -4.693088 4.389127
44 5.225198 -8.196358
45 1.615470 9.321719
46 9.017205 1.589209
47 -0.955498 -7.038979
48 6.661145 -2.625944
49 -3.081238 1.370886
50 -5.319246 5.908280
51 0.126077 -9.020772
52 5.795349 -8.475029
53 -7.733887 -0.249109
54 9.692706 -1.652630
55 0.355915 9.332481
56 -3.257671 8.202645
57 -7.140536 3.222638
58 6.361916 7.257015
59 5.360428 3.536127
60 -3.996154 -6.988982
61 1.063708 2.719883
62 4.260942 -7.213670
63 0.156127 -0.750676
64 1.878628 -2.192239
65 -9.240802 -3.283403
66 7.950561 -5.508816
67 2.594038 -6.199529
68 3.595274 -6.185067
69 -4.103472 5.981594
70 -2.807684 -5.986653
71 0.476067 -4.199345
72 4.599734 -7.266264
73 7.480431 6.047255
74 -7.535283 5.674333
75 -4.549234 -3.280587
76 8.863072 -8.604509
77 9.578160 3.796210
78 6.733187 0.061956
79 -1.885234 -2.878666
80 -5.826942 0.764457
81 -5.076150 -9.746936
82 5.733042 3.599452
83 2.424447 -9.528624
84 -4.254652 -2.738254
85 -2.667992 -8.783152
86 4.504715 -2.671293
87 -0.630852 -0.453547
88 6.340811 8.955902
89 -6.469909 0.790472
90 7.831774 3.282741
91 -6.222614 4.453106
92 8.990360 -8.881294
93 8.264703 0.589560
94 -2.510210 1.995132
95 -7.083768 -7.759481
96 4.664458 3.909745
97 3.676323 -9.598599
98 -6.963315 -7.069200
99 0.578711 5.983462
100 9.066469 6.023281
101 -1.690792 0.903853
102 7.804222 -1.509093
103 -6.450283 1.196130
104 -0.487783 1.977145
105 -5.407830 0.823992
106 6.363115 -9.099766
107 1.736927 -3.501093
108 0.843226 -0.019564
109 9.121317 9.018328
110 -2.294606 5.683104
111 -8.098861 -3.805395
112 -5.832081 -0.002462
113 -9.349630 1.292692
114 1.448963 3.368590
115 -1.702743 0.286472
116 7.402110 8.461912
117 8.009717 4.360734
118 -5.423003 -1.837256
119 3.903308 8.955411
120 5.089261 -1.059015
121 0.264778 -0.918659
122 5.852249 8.242759
123 -3.526839 -7.655386
124 9.315138 9.298696
125 9.197988 1.310530
126 9.318768 -6.497114
127 -0.235492 -0.584256
128 -8.893091 -3.116997
129 3.992751 3.956122
130 -9.162378 -3.223534
131 4.796436 -2.252610
132 3.827800 3.532589
133 5.277898 8.648666
134 1.963480 8.019843
135 -2.044843 8.213020
136 4.677783 2.627266
137 -4.832099 3.300313
138 2.833531 -3.463433
139 0.341145 -1.445835
140 0.545379 -0.386157
141 4.512009 -6.986802
142 -1.576364 0.018872
143 -6.864064 5.566461
144 4.111565 -5.936106
145 -8.165112 4.110557
146 4.262622 -6.162445
147 -7.784325 -3.172788
148 -4.289924 7.839392
149 -2.143636 -4.240050
150 9.733361 2.565327
151 7.668533 4.708738
152 -6.010776 -8.035005
153 -9.502805 -1.126298
154 8.992161 0.703164
155 -9.423569 -8.282547
156 6.255643 7.664409
157 5.367975 6.289118
158 -7.553080 5.443842
159 -0.278551 -1.892704
160 0.426380 6.269792
161 -8.229531 2.577404
162 -2.515683 -7.440683
163 -7.162236 0.844507
164 2.393148 7.845817
165 -8.907450 2.551946
166 6.143979 -2.165116
167 -1.385210 -0.337989
168 5.657649 6.388819
169 -5.888405 -0.649831
170 9.325746 -5.747539
171 -7.636998 -1.157763
172 4.169025 -4.231959
173 -6.479921 -9.491094
174 7.723993 -6.017518
175 6.978531 -7.919925
176 -5.587335 -9.969410
177 2.356415 8.946133
178 2.525883 -2.633353
179 -3.444384 7.436751
180 -6.526709 -1.651187
181 4.211196 -8.615828
182 1.144997 -5.044126
183 -4.257846 0.257178
184 4.873550 1.482624
185 -3.069078 -5.866749
186 -9.608263 -2.190288
187 -3.662189 -4.142013
188 8.549039 -6.409010
189 -0.834439 -6.379670
190 -2.156490 -3.487141
191 2.285616 4.848490
192 3.579289 0.929550
193 7.049627 -3.447226
194 -0.518348 7.308672
195 -8.042125 0.298108
196 -0.996789 -7.826219
197 3.508996 -7.746513
198 -3.981861 -2.779080
199 3.400210 8.450442
200 6.644410 5.621217
201 -8.108658 6.320556
202 5.335575 9.147500
203 7.995887 2.945824
204 -6.254586 3.052742
205 4.126966 3.725188
206 4.449757 -3.668624
207 8.550934 -6.463630
208 -4.873722 8.690129
209 -3.982352 -3.144113
210 -6.103599 -0.641614
211 9.038559 -5.898149
212 7.650633 3.332467
213 -3.134708 -9.146311
214 0.456331 -4.281904
215 4.066303 4.000514
216 -0.563945 -0.969413
217 4.766293 4.877898
218 -7.275494 4.516530
219 4.227512 0.147431
220 3.546865 -5.170633
221 -4.603627 -7.674272
222 5.632228 -7.978924
223 4.947455 -3.399320
224 5.479217 -0.066690
225 7.578377 2.575794
226 -9.076111 4.772093
227 -3.033366 -8.637738
228 -7.364583 6.864727
229 -4.174119 2.155360
230 1.457852 -8.709365
231 -7.363028 -5.550957
232 -7.137629 -6.772122
233 6.709431 6.222151
234 -7.566146 -1.402838
235 0.223250 -8.408470
236 -8.272371 -4.206521
237 -7.273987 -2.162688
238 9.236885 9.982227
239 -1.266010 8.027999
240 -1.182599 4.491978
241 6.548638 8.851211
242 -1.269793 8.395819
243 -5.587740 -5.480132
244 -2.911087 3.628220
245 -7.743050 3.123867
246 -2.697839 -5.810001
247 -5.768785 -1.509783
248 7.231155 -6.193014
249 -4.921773 -1.629108
250 9.508608 5.188846
251 -7.459784 -2.099543
252 5.289649 -6.904370
253 -5.850394 9.215772
254 6.513819 -4.095118
255 -5.590962 -2.830860
256 5.414903 8.434140
257 1.363741 6.459796
258 5.155007 9.147505
259 3.221679 -1.714427
260 -3.010052 8.763513
261 0.569008 -7.511673
262 1.562590 1.292105
263 -8.052607 -3.558859
264 -2.867545 -1.126224
265 -9.143675 -1.588585
266 0.760203 -6.358277
267 -7.280058 0.199810
268 7.997833 8.124731
269 3.863888 9.548154
270 9.253659 -1.730305
271 -2.123826 9.205764
272 8.890838 -7.027153
273 9.511626 9.921510
274 7.167236 9.049111
275 1.300169 -9.674260
276 -9.626768 -7.870382
277 1.151574 1.902321
278 -5.622636 -4.895945
279 8.446443 4.338288
280 9.872700 4.029088
281 -3.863519 -8.664393
282 1.354187 -3.695773
283 1.978387 -6.644045
284 6.862047 1.267126
285 -5.980794 2.422471
286 -6.091646 2.002296
287 -4.523450 6.180422
288 9.643730 -7.289929
289 8.916132 3.824827
290 -8.541690 -4.084047
291 -7.096357 6.384382
292 5.968604 0.737877
293 -8.078249 3.467707
294 3.060058 3.425812
295 -0.990684 5.009920
296 -7.665793 -2.499558
297 -5.851330 8.409414
298 -9.745934 0.515617
299 1.725717 9.196341
300 -6.727258 -7.717464
301 2.251616 -3.882322
302 5.742685 -1.600874
303 4.014136 1.493940
304 -0.594012 2.178025
305 3.696619 -3.996145
306 -6.786499 -6.404414
307 6.872035 -3.732687
308 8.535632 -8.966980
309 -9.270424 2.489890
310 2.124582 -2.932277
311 -7.316463 -5.740441
312 5.249567 -4.762162
313 5.577608 3.080655
314 1.333320 -0.328569
315 -1.208637 -4.672762
316 3.628166 -3.906138
317 3.018300 8.862496
318 5.641541 0.540679
319 -4.875776 6.267865
320 -6.783611 -0.211117
321 -7.612083 2.645103
322 -6.277468 9.713141
323 -3.113510 -6.954879
324 1.095571 6.500404
325 -0.674962 0.369304
326 6.343513 9.445703
327 5.989459 -3.485542
328 -9.480341 4.455295
329 -5.852921 4.546827
330 1.618793 2.322076
331 2.909825 4.346905
332 -1.329912 4.458719
333 5.568340 8.661637
334 0.426767 -8.610051
335 -0.254706 7.622761
336 -3.405935 7.706788
337 -1.663146 -3.577427
338 -6.104492 0.753114
339 0.290243 -2.913462
340 -0.926868 7.415232
341 -1.033751 3.940223
342 6.833292 -3.178166
343 5.291584 -0.653611
344 -1.801081 -6.799674
345 -7.804965 -0.083738
346 -8.100289 -0.239711
347 -5.965952 7.738924
348 1.165139 -8.681508
349 -1.388654 8.348846
350 0.214750 -3.434200
351 -8.597075 3.590961
352 -0.858296 7.856617
353 -0.026437 -8.809681
354 -9.557284 7.770212
355 -3.146575 -1.641912
356 1.910597 7.883406
357 3.566071 6.027740
358 -3.396561 -1.799830
359 2.448945 0.444286
360 -2.822458 -6.574538
361 5.784240 7.079456
362 -9.610779 4.538547
363 4.456401 -0.642266
364 -4.347342 -5.643086
365 -2.168339 9.790061
366 8.318795 -1.895772
367 -3.670074 6.674463
368 -4.915810 -9.458724
369 1.837029 8.553846
370 0.905711 -3.826887
371 4.955056 -9.078573
372 9.006042 -3.305963
373 -4.045324 -6.086733
374 6.268162 -5.619244
375 0.045042 7.609912
376 -1.510379 9.984580
377 6.877544 -1.700550
378 -6.093521 8.226204
379 -7.069698 7.308959
380 -1.181689 7.740998
381 -4.004112 -8.692441
382 -1.850348 -0.006877
383 8.706593 -0.432857
384 6.885749 -1.793964
385 4.334036 -2.883207
386 -1.866069 2.658587
387 -1.418931 -6.878628
388 -8.429816 -1.667875
389 1.590580 -4.004259
390 -7.995889 5.415478
391 -2.136466 2.087882
392 -3.121022 4.354407
393 -5.690439 -6.849012
394 -8.066629 -2.141535
395 2.739945 -5.173633
396 -8.255119 -1.712625
397 -9.985579 -2.065532
398 0.804198 6.533941
399 3.619708 -1.332471
400 4.527575 3.248357
401 -0.257373 0.782403
402 9.696045 -6.055774
403 3.868978 -6.212484
404 0.218123 0.272722
405 5.610557 -4.836282
406 8.299440 -5.006302
407 -9.827121 -4.982509
408 8.516504 -2.815683
409 6.543584 -0.473001
410 5.126859 5.095213
411 6.069063 -7.433685
412 6.716693 0.898180
413 3.598537 1.799247
414 -6.512769 -9.542840
415 3.032338 -0.070454
416 -5.330815 0.959374
417 2.821050 1.336444
418 -9.962404 -2.813250
419 6.777465 2.722572
420 6.640949 -0.219329
421 -0.885491 5.567719
422 -5.306318 -4.800233
423 -8.476428 3.184166
424 4.340979 9.276294
425 -7.127808 -8.585581
426 2.289729 0.911298
427 1.516449 -0.899462
428 3.551339 -7.681328
429 -0.129921 9.302799
430 -4.121566 5.733748
431 -9.958091 -0.097883
432 -5.938985 -8.742178
433 -2.589109 8.148943
434 0.995374 8.677453
435 -2.722354 9.775214
436 -3.845724 -8.425654
437 0.456201 7.339505
438 -3.747443 -1.693003
439 -0.149799 6.335113
440 -3.895942 -8.880265
441 -4.661540 -9.462843
442 4.453688 -1.416460
443 -2.239588 6.101084
444 -0.288785 -9.853838
445 5.464954 -7.676678
446 -1.173808 5.349680
447 5.221015 -3.395815
448 9.246427 -3.621064
449 0.816680 8.205844
450 9.033203 -3.726958
451 -1.282960 8.090883
452 -9.008544 -3.348443
453 -6.077093 9.098766
454 2.364735 -5.675599
455 0.828248 5.619251
456 -4.192533 7.749951
457 2.461508 -5.900861
458 -7.966391 6.102074
459 3.174866 8.310439
460 4.317014 7.994997
461 5.248463 -9.618139
462 -6.927738 6.133958
463 8.778168 -3.763843
464 8.218939 -7.876340
465 1.452485 -3.665853
466 -9.476793 3.682441
467 1.486027 1.198121
468 -9.664788 -9.306441
469 0.187965 9.511329
470 -3.598745 8.403949
471 8.276550 -4.666158
472 -0.740546 4.657433
473 -1.166299 5.443221
474 -6.356809 4.702752
475 3.761889 -5.210310
476 -8.575785 -2.483808
477 4.562076 9.123976
478 9.729790 -8.306738
479 -4.854915 -7.290942
480 -9.825058 -0.604552
481 -1.841057 -1.546659
482 -5.755701 1.409473
483 -6.860925 -4.581999
484 0.831467 2.767895
485 9.826845 4.463535
486 -5.064869 -1.767854
487 4.457149 -7.929768
488 9.467994 1.305613
489 3.775745 -9.781065
490 -9.332627 6.474156
491 -4.577324 4.543701
492 -2.961268 -9.198426
493 5.505240 9.447729
494 0.787929 -2.203088
495 -9.554371 -9.922131
496 -8.052840 -6.949041
497 8.656861 5.638292
498 4.800190 -4.531837
499 -4.404200 -4.263135
500 2.750043 2.594267
501 -8.403367 -8.727161
502 -2.259006 8.615932
503 0.506380 7.763916
504 3.168507 7.621794
505 5.973824 5.352762
506 -2.061694 5.963984
507 9.467994 -2.505676
508 -6.746124 2.235809
509 6.054956 9.159188
510 3.289663 -8.653818
511 -0.478005 -7.811035
512 -1.199739 -3.403436
513 -8.880077 -3.888036
514 -1.954818 -0.190653
515 3.306631 1.343277
516 5.559623 -6.696093
517 -7.511593 -1.510926
518 -3.158951 6.980218
519 -2.077002 -4.898142
520 5.294045 -0.523892
521 9.424733 9.287350
522 5.153462 4.156025
523 -4.936149 9.360078
524 -9.956315 7.750568
525 0.154644 -2.926261
526 6.426005 5.888482
527 5.290517 -9.212419
528 2.610211 -4.811263
529 4.012506 2.125521
530 -9.014212 9.783213
531 -0.883266 8.630015
532 -2.771851 -4.105991
533 -2.279575 -4.568466
534 9.023448 5.456617
535 8.270578 2.775792
536 9.779107 -2.809344
537 3.462009 9.377623
538 6.730073 1.410486
539 -4.476578 -8.515336
540 1.214737 -1.565423
541 -3.412762 -9.422925
542 9.662542 -7.159069
543 8.115407 -5.639135
544 8.466366 -5.631784
545 6.671534 -6.733418
546 -8.969069 4.998941
547 -6.393202 6.024016
548 -1.689624 -0.314219
549 9.196448 -5.010517
550 -3.931592 -6.799352
551 7.005858 2.509758
552 -8.606775 1.951726
553 -8.198273 6.729188
554 -5.513474 -2.068826
555 0.370403 4.295336
556 -5.310848 -5.841785
557 9.817462 8.516839
558 -2.578475 -1.758487
559 -6.493491 -4.446363
560 2.598094 3.684444
561 -9.613496 1.712220
562 -3.192810 5.008371
563 0.226504 5.748830
564 -1.298755 6.046616
565 9.595946 2.641209
566 4.892575 0.936525
567 -7.984446 7.578092
568 -9.674451 3.118172
569 4.546125 7.581996
570 -5.759698 -2.842923
571 9.804275 -5.229927
572 1.601289 -1.473495
573 -0.493047 -1.476892
574 -7.791867 2.978794
575 0.595910 6.126164
576 -6.131250 -1.655351
577 -6.337648 8.028896
578 -9.017238 -6.186791
579 -0.544874 -5.052128
580 4.732383 -3.788961
581 2.355214 -2.161040
582 -0.287347 1.714971
583 -5.602629 9.051683
584 2.505361 8.383777
585 -0.830223 5.634509
586 6.364561 -6.007147
587 0.297355 -2.081799
588 -1.865665 0.051552
589 6.851078 8.012162
590 -1.500357 -8.472312
591 -8.014006 3.998237
592 -1.697057 -0.802853
593 4.468631 -8.399022
594 0.418044 2.465414
595 6.735681 8.167701
596 -1.611966 3.354859
597 3.567254 6.504053
598 -8.463372 6.460102
599 8.564920 7.243714
600 2.416747 -8.726949
601 1.307452 -2.400777
602 -8.370553 3.858324
603 7.349788 -3.823883
604 -8.825113 5.039951
605 9.568709 2.082272
606 -9.037263 6.060099
607 -7.604358 -4.792574
608 3.827908 3.531204
609 4.831278 3.457834
610 9.074243 2.830011
611 -4.859597 4.476417
612 -0.805657 -0.894204
613 1.558808 -5.146146
614 2.824371 3.825791
615 2.167027 1.053523
616 -6.853807 3.407071
617 -6.061403 -0.893919
618 0.805512 -7.874016
619 -4.114565 2.708933
620 9.814384 -3.919707
621 -6.923946 7.336145
622 -2.095627 9.840660
623 8.888898 9.733726
624 5.348308 4.857237
625 -3.718955 -1.729611
626 0.763464 -1.192650
627 -0.107686 2.340997
628 -0.803343 -5.350406
629 -5.453976 1.703954
630 4.895246 -8.424954
631 -4.406889 -3.427615
632 4.932506 -2.450596
633 -5.889201 3.244517
634 4.024091 -1.460980
635 -8.637196 1.084049
636 -1.483650 -2.319718
637 -0.209279 1.816815
638 8.534605 2.491118
639 5.864149 -8.260912
640 -0.621258 7.824760
641 -7.368103 0.247109
642 -3.966192 -4.811643
643 8.970599 4.943032
644 -2.626314 7.023273
645 -0.871439 2.568217
646 -2.572856 3.289079
647 7.614964 -2.503386
648 5.548404 -8.720873
649 -2.284980 3.132055
650 -3.092659 8.097329
651 4.633037 -3.616479
652 8.071274 -1.537369
653 1.464404 -7.122726
654 -8.791174 -4.062332
655 -5.360964 7.146511
656 4.546868 8.218356
657 -5.355145 1.979359
658 3.643131 9.098407
659 3.946965 -0.828212
660 9.346026 5.740893
661 -0.918271 -6.340704
662 -6.358345 -5.464138
663 9.185277 8.089816
664 -5.279815 -9.605442
665 4.875616 0.656281
666 -3.863131 -1.199894
667 8.429124 3.626929
668 8.806375 -5.146769
669 -6.561078 -3.963401
670 2.067123 7.014984
671 7.799391 -1.496114
672 3.342233 -5.233444
673 7.493868 -9.164165
674 8.886752 7.562923
675 -2.042091 8.413266
676 -4.439339 -7.384519
677 9.224715 -2.641405
678 -7.863657 5.002823
679 6.751273 0.088839
680 -3.851294 -2.732868
681 -9.530320 5.235780
682 -6.437218 -3.311955
683 5.363996 7.681887
684 5.414040 5.157446
685 -6.836246 -9.417932
686 0.848051 -9.626125
687 5.910612 -3.523977
688 -8.054947 3.278931
689 -4.966757 4.710019
690 -0.747132 -9.349109
691 -8.612182 -6.257047
692 -1.055397 -8.902179
693 5.617945 -7.822233
694 7.923429 2.895495
695 2.340680 9.743684
696 4.937945 2.631416
697 6.215388 -4.299807
698 -7.037294 7.950511
699 -3.421853 -5.350390
700 9.358405 5.711298
701 -5.563847 -7.726593
702 -8.050445 1.396649
703 6.654871 3.174291
704 -6.288292 1.031395
705 6.598865 -9.061802
706 -2.351069 -7.158742
707 3.406414 0.870715
708 3.689266 9.069499
709 0.305280 -6.739123
710 -1.410821 9.862973
711 9.933707 7.238829
712 7.902045 7.398435
713 -3.415455 -9.238560
714 -4.662981 -4.919192
715 -0.648642 2.365282
716 2.485742 8.335167
717 -8.352075 6.951853
718 -2.123639 2.900826
719 3.923004 -2.005810
720 5.023425 2.247820
721 -7.103913 0.742400
722 -1.398451 7.854588
723 -8.327627 7.991448
724 -9.980905 9.672326
725 -0.409823 3.277971
726 6.200839 -7.874880
727 -1.553632 -2.236955
728 0.854011 2.462222
729 -8.649821 8.932887
730 -9.291361 -0.218910
731 1.982923 -2.169681
732 1.308315 4.584539
733 0.721017 2.818785
734 9.839068 8.576659
735 -5.538247 -2.624158
736 -1.716794 3.004333
737 -4.163060 8.695576
738 4.541470 -0.040311
739 1.873926 -8.603133
740 -3.654827 -3.398608
741 -4.699980 -1.571875
742 -2.090416 -3.849144
743 -1.994816 -2.186478
744 9.252793 -3.253707
745 -3.725514 3.608296
746 8.137824 6.511888
747 4.762786 -3.532685
748 -1.946477 0.018458
749 2.938373 -6.639184
750 1.994513 9.946245
751 -9.330635 -5.502120
752 -1.414072 -7.651970
753 9.211428 -5.618244
754 1.314800 -8.888958
755 9.393128 -2.693961
756 1.168651 7.861237
757 4.981016 3.978839
758 -8.432357 2.690460
759 3.122327 3.974097
760 -3.130846 -5.989608
761 2.255975 2.306621
762 -4.344755 0.636024
763 2.605527 5.601159
764 -5.420670 -7.341757
765 -5.352738 1.178521
766 5.981428 3.894530
767 4.844654 -5.226380
768 2.952409 -5.017595
769 -2.299636 -4.044066
770 6.760701 -5.409280
771 9.913034 -7.196419
772 6.142411 -8.522333
773 0.021410 -3.826448
774 4.223092 -5.719052
775 -5.452076 -7.603428
776 -6.154576 9.272503
777 1.226666 3.866856
778 -3.253904 3.692521
779 1.065532 -2.916232
780 -7.006964 0.084439
781 0.120932 6.315803
782 -0.869872 5.711740
783 -9.495209 -7.199710
784 -1.562921 5.701471
785 6.419804 -1.419174
786 3.754686 7.183162
787 7.238578 8.142545
788 4.363829 -5.559793
789 -1.326676 -8.114612
790 -6.706323 -7.596086
791 3.743699 -1.131728
792 -7.665560 1.875401
793 7.751972 -1.974795
794 3.114536 4.819149
795 6.371828 9.063211
796 -9.291436 6.461195
797 -5.147421 3.372720
798 7.646234 -4.371594
799 4.580550 -3.360902
800 7.261849 -2.116678
801 -7.763781 -6.325324
802 1.939936 -6.554971
803 0.500151 -0.361644
804 -1.120002 4.501892
805 3.792209 5.232136
806 -3.660447 7.417907
807 9.070406 9.908799
808 1.365576 -3.834952
809 7.621428 0.613603
810 -3.759872 4.444977
811 3.435356 -2.132977
812 1.259035 -6.552364
813 7.791000 3.684453
814 -8.351742 6.935680
815 1.352729 6.813291
816 7.779869 6.827369
817 6.522110 0.729061
818 8.848056 -6.439070
819 1.745731 8.331058
820 0.083256 -8.886895
821 -3.247775 8.902456
822 6.154990 3.625307
823 -9.705954 1.803088
824 -4.164523 -8.655395
825 -3.398546 -7.305956
826 2.490838 8.624200
827 1.738302 -2.481955
828 -1.212228 -0.484902
829 -2.874582 2.096978
830 -7.079720 6.187296
831 4.112819 3.682731
832 -7.022167 5.498539
833 -5.994209 -9.122677
834 7.971185 8.980514
835 2.234619 -2.503868
836 -0.883313 4.259725
837 -9.684273 3.711258
838 5.281455 8.616350
839 -5.606832 1.154214
840 6.238215 5.104880
841 -3.979989 -5.533109
842 9.957897 2.606751
843 -9.609265 0.711049
844 -2.568766 -3.290683
845 -5.397418 0.430456
846 0.105753 -5.792921
847 6.141558 4.405795
848 -0.407854 5.175456
849 -8.423593 -2.663533
850 -7.772356 -0.255920
851 -0.320001 2.831407
852 8.912302 -0.132881
853 -0.711002 8.414137
854 0.117523 -7.486880
855 -0.609362 -2.698706
856 -7.162897 6.578912
857 -2.471031 4.901377
858 9.269486 1.673798
859 -1.905189 -4.781378
860 -0.551660 1.383363
861 -8.471022 -2.231323
862 -2.156762 -6.306332
863 2.874885 -0.595326
864 -4.739715 -0.421394
865 -9.072374 -2.274597
866 -7.884610 -2.011333
867 -3.834282 4.861001
868 -2.012988 1.874424
869 -9.452047 7.293555
870 -0.423377 9.359851
871 4.783268 -9.288923
872 -8.619018 9.416797
873 -4.434782 1.652003
874 -1.965459 -1.907248
875 6.078338 -6.818356
876 0.377118 -3.782399
877 -5.845730 4.010651
878 -4.897704 -7.430870
879 -1.269267 5.890137
880 -9.999829 -8.250893
881 5.522507 5.545279
882 -2.535688 6.830377
883 -6.530515 2.873504
884 -4.171941 -6.527900
885 3.282732 -4.366694
886 -7.021899 -2.569980
887 7.948941 6.266912
888 0.554969 -4.148940
889 4.726403 4.389603
890 -5.019819 8.125437
891 6.911663 2.573088
892 5.095501 -6.276379
893 -3.232135 0.574943
894 -5.067383 -5.310759
895 -1.857890 5.557589
896 0.620761 -0.520332
897 -7.975091 -5.829461
898 4.945215 4.892263
899 -1.656667 -1.443381
900 -9.123212 -5.449201
901 -6.995841 -2.407335
902 4.579007 -3.626933
903 -4.441527 -7.669615
904 -7.065896 -4.160384
905 -4.269466 4.541980
906 3.500273 5.949383
907 9.517889 -2.066213
908 7.920745 -5.252119
909 1.594275 2.685997
910 -9.836204 2.394682
911 -5.229711 -2.336252
912 4.760733 -5.901050
913 -8.198483 -6.930675
914 -1.889295 -9.043421
915 4.108494 -0.405191
916 -2.409795 5.611819
917 1.721382 -7.330916
918 6.867746 -4.829881
919 -3.399913 5.493952
920 -9.186019 1.370366
921 3.980285 0.633305
922 -4.618936 -6.816916
923 5.757125 -0.898601
924 -1.438349 9.501835
925 5.907525 -5.449432
926 -4.657215 5.713465
927 7.564986 5.690352
928 -9.248465 -2.502360
929 -9.676477 -0.513728
930 -6.005613 -8.252239
931 4.447185 -7.866481
932 1.280287 9.027052
933 -3.642785 0.429774
934 -3.794225 -0.996784
935 2.716171 2.515931
936 3.231346 -9.810582
937 9.722774 1.968225
938 2.254431 -3.250688
939 4.234476 2.592038
940 6.005677 0.613432
941 -4.483311 -9.674394
942 7.484945 -9.359622
943 -6.912896 -0.494753
944 -9.804957 -9.789878
945 -2.387844 -8.192960
946 0.034831 8.936810
947 -9.733858 5.989129
948 -3.041291 -2.897166
949 4.754098 5.717892
950 3.728455 7.803284
951 -2.997266 0.974582
952 4.704601 -1.146847
953 -8.518408 3.476057
954 7.851164 3.699836
955 -7.725141 -9.508398
956 7.051138 -3.321835
957 -9.739916 9.017276
958 -1.374306 5.180565
959 8.808896 3.263336
960 -9.425715 9.107687
961 6.101661 1.086072
962 -0.826095 4.533397
963 3.196168 -0.926168
964 9.883376 7.577634
965 -8.387417 4.710109
966 -9.815906 6.483158
967 3.241219 7.258554
968 6.088153 5.133547
969 -9.852263 -5.663074
970 6.328791 -4.209934
971 -6.314563 -1.493609
972 -9.538219 7.167955
973 7.063347 -3.662752
974 0.031145 0.324953
975 -9.860750 6.561147
976 -0.143323 8.281456
977 4.146853 -3.197133
978 -1.745008 8.545657
979 4.029803 -0.048263
980 3.626162 4.281106
981 -7.244788 5.142749
982 -5.339705 7.584682
983 3.673690 -2.268190
984 2.897047 7.706046
985 -9.383097 -3.993092
986 1.032323 1.406596
987 -6.134858 7.326929
988 -6.458397 2.812917
989 -0.176776 -5.346886
990 -2.165893 -3.987397
991 -5.310782 -9.472437
992 -9.124236 1.648539
993 0.912693 7.780992
994 -6.108793 -4.893740
995 7.309902 -9.730692
996 -3.868537 -5.943458
997 8.621668 -9.703108
998 -3.444914 -6.144853
999 -2.842779 -9.620580
1000 -0.464658 -4.255645
1001 4.014220 0.490848
