1 -2.590770 -1.216468
1 -1.650692 -1.557425
1 -0.650728 -1.548940
1 0.093014 -0.880472
1 -0.593320 -0.153185
1 -0.714231 0.839478
1 -0.110929 1.636991
1 0.869470 1.834012
1 1.726660 1.319011
1 1.948940 0.344028
0 1.672586 -0.617028
2 0.810598 4.898399
3 -0.425217 3.982913
4 1.314533 -2.234294
5 0.578586 2.233353
6 -2.832264 -2.467826
7 3.097687 -2.516485
8 -1.531029 4.030677
9 -2.355084 -2.861185
10 3.568689 -1.170978
11 -0.489997 4.703010
12 -0.392599 0.760543
13 4.553934 0.414735
14 -3.594630 3.228218
15 2.639130 -3.480057
16 -3.552350 2.750448
17 1.093511 2.197796
18 1.907870 3.444272
19 -1.111824 2.732790
20 3.093206 -0.858672
21 2.147327 -2.630643
22 0.953324 -3.984633
23 -0.421004 -4.773001
24 -0.783457 0.191969
25 0.504419 -1.794320
26 1.965456 -0.927675
27 -2.225162 -1.167128
28 1.420458 -2.312235
29 4.657814 -4.424930
30 -0.584967 2.401674
31 1.856447 -0.667533
