1 -8.093557 9.457637
1 -7.283976 8.870628
1 -6.292072 8.997611
1 -5.552579 8.324446
1 -4.917011 7.552402
1 -4.745445 6.567229
1 -4.797362 5.568578
1 -5.530961 4.888995
1 -6.522339 5.020022
1 -7.440704 4.624288
1 -8.142024 3.911440
1 -9.138145 3.999434
1 -9.680199 3.159090
1 -9.785829 2.164685
1 -8.980957 1.571236
1 -8.443361 0.728034
1 -7.456712 0.565171
1 -6.670939 1.183686
1 -5.672218 1.234236
1 -4.778018 1.681904
1 -4.184088 2.486421
1 -4.566685 3.410336
1 -5.539796 3.640673
1 -6.432223 3.189481
1 -6.182258 2.221226
1 -5.353931 1.660981
1 -4.379476 1.885563
1 -3.426847 1.581430
1 -2.544018 2.051126
1 -1.545699 2.109077
1 -0.786240 1.458522
1 -0.809732 0.458798
1 -0.173796 -0.312944
1 -1.038921 -0.814499
1 -0.868217 -1.799822
1 0.101152 -2.045429
1 -0.039367 -3.035507
1 0.159217 -4.015591
1 -0.669744 -4.574899
1 -1.193793 -5.426586
1 -1.079443 -6.420027
1 -1.276894 -7.400340
1 -0.797737 -8.278069
1 0.176337 -8.051841
1 1.165437 -7.904599
1 1.029225 -6.913919
1 0.577889 -6.021565
1 0.214494 -5.089930
1 -0.411080 -4.309764
1 -1.401036 -4.451139
1 -2.357820 -4.160341
1 -3.310173 -4.465338
1 -4.221740 -4.054184
1 -4.751872 -3.206269
1 -4.156948 -2.402488
1 -4.186585 -1.402927
1 -3.244714 -1.066952
1 -3.272587 -0.067340
1 -3.169271 0.927308
1 -2.281951 1.388461
1 -1.426995 0.869760
1 -0.427111 0.884992
1 0.511305 0.539485
1 1.347931 1.087260
1 1.884988 1.930805
1 2.879045 2.039671
1 3.638476 2.690258
1 4.550647 3.100069
1 4.657294 4.094366
1 4.125204 4.941053
1 4.619243 5.810493
1 5.373887 6.466627
1 6.262252 6.007491
1 7.083322 5.436662
1 7.453458 4.507685
1 8.113580 3.756526
1 7.817657 2.801315
1 7.292241 1.950469
1 6.297555 1.847516
1 5.489581 1.258298
1 5.210955 0.297899
1 4.451339 -0.352473
1 3.729829 -1.044877
1 3.975485 -2.014234
1 4.515183 -2.856093
1 4.772255 -3.822485
1 4.888094 -4.815753
1 5.734695 -5.347982
1 6.678084 -5.679668
1 7.621765 -5.348811
1 8.028200 -4.435131
1 8.995528 -4.181601
1 8.645684 -3.244793
1 8.909402 -2.280193
1 8.288916 -1.495976
1 7.458804 -2.053572
1 7.098740 -2.986500
1 7.452735 -3.921747
1 7.340689 -4.915450
1 7.755478 -5.825367
0 7.059922 -6.543840
2 7.771479 1.367733
3 -7.816996 -3.682224
4 2.280193 -6.731382
5 -2.895150 -4.077459
6 -8.426327 -6.923883
7 -4.041173 8.604866
8 -2.782436 9.320239
9 9.366583 -8.141932
10 -4.341882 4.613382
11 6.451513 9.668689
12 -1.933008 7.895101
13 3.862866 -8.354773
14 -6.320051 9.358307
15 -1.873644 -6.444245
16 3.784475 -2.208442
17 5.522002 -9.832360
18 7.693906 -9.779140
19 -4.060767 9.111571
20 5.673467 -6.567851
21 -7.002423 5.985623
22 -4.203854 -3.519464
23 -8.951363 -7.598495
24 -4.669172 0.702216
25 5.591717 -6.416492
26 8.067754 -3.316833
27 3.472526 -2.023467
28 -5.019953 -9.395384
29 4.793465 0.203648
30 -8.284006 0.069943
31 -0.952874 9.487225
32 -3.800357 2.100348
33 -0.660880 4.651929
34 9.348776 7.552817
35 -2.347892 -2.620816
36 -2.041307 -7.845216
37 8.766539 7.617139
38 2.942105 9.153812
39 -2.687786 5.884738
40 -2.762292 6.240708
41 -8.693593 -1.564371
42 -9.867461 6.772985
43 4.418261 6.284006
44 -8.786094 -5.241722
45 -2.103440 -5.386654
46 -6.302149 -2.291738
47 5.705096 5.846375
48 -0.568432 3.165945
49 4.349072 -7.794110
50 6.969167 5.648454
51 -4.099593 0.855824
52 -2.415839 -0.239840
53 -9.302993 8.462705
54 9.052110 -6.487090
55 7.940269 -6.636228
56 6.860206 -8.542518
57 -8.356966 7.690383
58 -9.493133 8.219569
59 9.897362 1.154654
60 3.076078 -6.895157
61 4.241696 -9.169074
62 6.596286 -0.026639
63 -2.635742 -0.297430
64 -0.805072 1.959772
65 9.860592 6.974688
66 -5.940617 -7.005877
67 4.152482 4.950666
68 -1.170794 -3.109092
69 -8.507751 5.079763
70 9.356899 0.595238
71 7.531998 -9.246710
72 -5.371077 -8.633293
73 -5.831258 -1.667400
74 -7.780493 -5.244409
75 1.563402 -9.420575
76 -6.210939 -6.416742
77 -3.772747 -8.675103
78 2.530756 -0.536735
79 6.525938 1.472563
80 -7.283960 -1.123797
81 -6.391608 7.350212
82 -5.605496 0.533673
83 7.646603 1.443197
84 -8.661400 -3.848370
85 3.408842 -1.599382
86 -8.955256 3.269147
87 0.848004 3.664535
88 -0.484237 1.103146
89 6.006273 -3.528155
90 4.455231 -1.353178
91 -7.942837 -3.675170
92 -7.958794 -3.963077
93 -7.564747 2.217741
94 2.862162 -8.328557
95 -6.412116 -4.015796
96 0.026506 -7.720483
97 -0.465501 7.429463
98 5.464977 2.441114
99 8.358740 -1.328899
100 0.544226 -6.096443
101 5.916271 -1.254553
102 -3.910840 -7.417289
103 8.115007 -0.267742
104 -4.362816 2.928460
105 2.822908 7.394689
106 -3.012397 -2.455582
107 -8.402562 2.661184
108 -9.631527 5.951607
109 0.788937 -2.675228
110 -6.698744 -7.752432
111 -1.189064 -9.898751
112 -2.690992 1.419816
113 -8.488527 -1.952867
114 2.253675 -1.277446
115 -1.334780 -6.017277
116 6.620990 -9.708540
117 9.266913 -8.672073
118 9.460973 -4.828442
119 -1.014048 -8.673408
120 0.562084 7.584936
121 8.136765 -8.296591
122 -4.941244 2.406386
123 -6.216908 -8.181567
124 4.237048 4.672533
125 9.022894 9.116134
126 -8.328796 -6.533413
127 -9.508378 -4.754480
128 7.560298 4.009333
129 7.188864 -7.189443
130 7.807280 6.374598
131 -7.770325 -7.645348
132 4.872678 -5.179742
133 -7.393549 6.781143
134 -7.949442 1.174257
135 3.743982 -4.741578
136 -1.525743 -9.905019
137 -6.247746 -8.223164
138 -4.812139 7.168077
139 -9.813085 -6.510275
140 1.830035 5.066783
141 -7.918551 -6.297116
142 3.871873 -9.324770
143 9.203285 4.989260
144 -3.705498 2.926926
145 -5.637822 4.304406
146 -4.015816 8.827849
147 -7.135652 4.675133
148 5.339093 -0.278641
149 -1.218834 -3.265543
150 1.914703 1.270645
151 8.343867 7.662980
152 5.958573 3.011309
153 -0.464954 6.232504
154 1.628371 -4.564067
155 8.241544 4.235675
156 2.512035 3.676043
157 -0.892618 -5.580229
158 -8.993601 3.907593
159 -4.607943 -8.686998
160 -6.883721 -9.838415
161 4.246459 -8.842684
162 -7.506023 4.743893
163 1.737046 -1.773109
164 -4.526687 -2.965697
165 9.163822 -6.139368
166 3.811811 -2.962447
167 4.860820 0.483017
168 -2.363460 1.888492
169 -0.106672 6.293121
170 3.819750 2.832706
171 6.175490 -8.630733
172 3.998683 5.871009
173 6.758031 -9.767104
174 2.535597 1.969999
175 -8.793819 -0.450197
176 0.802825 -0.538141
177 9.146779 -1.558292
178 -5.225782 6.470459
179 4.322402 8.855285
180 6.308816 5.955038
181 5.448819 -0.997753
182 -8.489439 -9.239433
183 9.755608 -2.617816
184 -3.061825 -2.192593
185 1.482815 9.009679
186 -0.521422 -0.806840
187 -4.922875 2.863024
188 -4.493686 -6.811511
189 -1.329728 0.238210
190 7.656654 -2.251342
191 -9.630775 1.229491
192 5.082987 -3.662037
193 9.513157 -3.182937
194 -0.630168 -9.428573
195 7.362641 -0.219525
196 -7.478649 -4.731897
197 7.851395 -8.453972
198 -5.544040 0.516356
199 -2.896970 -6.132248
200 9.307633 6.055554
201 -3.096700 -0.625865
202 -7.897951 8.598724
203 1.735412 -0.484090
204 -3.327570 3.940010
205 -4.732839 -9.952384
206 5.489611 -8.951325
207 9.428573 0.169500
208 2.078771 -1.525952
209 5.880433 -9.820308
210 -4.825733 3.465136
211 5.193888 -3.564703
212 1.272436 8.388799
213 -5.204382 3.816956
214 -2.002793 8.872620
215 -9.251480 -2.564375
216 -8.386037 5.920482
217 3.075386 7.625712
218 -3.850985 4.593034
219 -1.323844 -8.278956
220 8.504328 -1.867225
221 8.732328 0.017384
222 -0.014772 -4.905289
223 7.015183 0.271625
224 2.227055 -2.601711
225 -4.235173 -4.107447
226 -2.355568 -3.915487
227 7.595921 -1.244365
228 -4.951193 -4.240513
229 -9.683066 -8.091973
230 6.176339 4.157737
231 4.179875 5.258736
232 -1.863437 6.418748
233 3.676747 3.182589
234 -9.979279 -3.204140
235 0.811402 -1.355507
236 5.868714 -4.552196
237 1.004610 2.847312
238 6.238042 -7.998612
239 0.290974 5.808910
240 -6.151923 4.440290
241 -5.825832 5.928522
242 -3.945249 3.407307
243 -0.726376 -7.722007
244 6.506224 -3.945367
245 -4.834570 -7.309783
246 5.897043 -3.376216
247 4.335448 -5.691919
248 -9.096740 9.435138
249 -7.939562 9.800063
250 7.711617 6.960981
251 -6.550952 -0.830271
252 -4.208376 -4.149039
253 7.030956 8.583041
254 -4.006320 4.018710
255 -8.504029 -7.706440
256 -9.443374 -3.496745
257 9.036165 -6.669790
258 5.896387 2.292341
259 -9.042462 -2.975565
260 -2.862053 2.469272
261 -6.772052 9.543852
262 1.046446 4.573241
263 -0.965518 4.514485
264 4.128362 0.373150
265 0.047367 -3.944849
266 -7.568526 -9.311139
267 -9.801037 -3.578142
268 -9.600718 -6.301487
269 0.396444 0.316025
270 0.676686 5.681450
271 0.600040 -3.389302
272 -4.324693 -7.153181
273 -9.568850 1.149945
274 -6.370746 8.805353
275 -0.487641 -9.394587
276 6.403941 2.015345
277 1.110607 2.794963
278 5.094448 -1.671542
279 -8.025101 4.559099
280 5.405024 -4.419443
281 -4.576551 -8.262219
282 1.248076 7.978937
283 5.872481 -0.756939
284 -7.043256 -1.195425
285 -6.145533 -8.313845
286 2.817721 1.917871
287 -7.439022 8.270460
288 -2.057341 -6.968475
289 -2.836940 -7.532115
290 -9.344042 -9.380416
291 -7.143167 -2.064335
292 1.248500 0.404228
293 -4.326327 8.207234
294 -3.129006 7.348967
295 -2.787079 2.958881
296 3.689632 7.546392
297 -4.502908 1.268196
298 6.843968 -5.676047
299 -7.865750 0.464069
300 -3.670901 7.588658
301 -6.625772 -5.875285
302 -4.730600 -6.480843
303 8.868676 0.571128
304 -7.196931 -0.982883
305 6.256764 6.544519
306 -4.242457 -0.956856
307 -3.717171 5.810608
308 8.245366 9.414126
309 5.587296 -9.736136
310 -7.365792 -9.300930
311 -5.860092 1.274419
312 2.451736 -7.530873
313 -4.003721 -6.381900
314 8.733264 -3.485145
315 2.778944 -1.115873
316 6.872097 -1.241384
317 -5.713474 -3.729228
318 4.426548 -8.850378
319 6.312304 -2.058241
320 -0.332666 2.981722
321 4.586038 7.058581
322 -5.075513 9.769847
323 -4.110159 9.499836
324 -2.208160 4.152885
325 -8.653346 8.173989
326 -2.255526 -2.884279
327 1.283643 -8.212432
328 7.883102 9.860909
329 -5.454300 6.599666
330 -7.475461 -5.035350
331 -8.612913 -6.567083
332 -8.396910 6.237945
333 -9.684391 -7.206286
334 9.319948 0.299691
335 8.457107 -9.473317
336 7.899010 6.493886
337 -6.177625 2.656414
338 0.189066 4.350431
339 1.830568 -5.828041
340 1.894788 4.145159
341 6.221350 7.896936
342 -4.170080 6.075990
343 -6.283551 8.711950
344 -2.604530 -1.285485
345 -6.957719 -6.999154
346 -2.935758 -7.755093
347 6.858516 8.598205
348 5.388706 -3.728445
349 -8.618507 4.542610
350 -5.913312 6.251762
351 -4.155438 -3.650273
352 -5.760088 2.316061
353 -1.087651 4.909614
354 5.598248 -9.584636
355 6.035489 -4.272513
356 1.782974 -3.098825
357 4.337214 1.097952
358 2.849327 7.464729
359 6.300106 -9.514294
360 7.517378 -8.453131
361 9.105915 5.201517
362 6.833005 -9.181618
363 -5.424613 -5.042226
364 0.793745 -4.561110
365 -9.459947 6.200604
366 0.246815 8.121783
367 -1.704242 1.349895
368 6.492991 2.135237
369 5.175040 -6.824187
370 -1.768358 -4.435288
371 5.347285 6.296815
372 2.705044 5.238505
373 -4.475061 7.998867
374 -3.944231 3.192124
375 -1.595629 -3.288882
376 1.473059 3.506871
377 0.696856 -8.326838
378 0.727349 6.536879
379 5.672678 -1.863067
380 6.239290 6.438672
381 -0.545307 5.672167
382 9.393972 2.734887
383 -3.038648 -2.689163
384 -1.576289 4.206680
385 3.746144 -8.196431
386 -1.253444 -6.042358
387 -2.746990 0.243252
388 -6.523617 -1.511149
389 -4.799474 -4.947604
390 -9.627120 -6.467893
391 1.768962 -3.716208
392 -7.238062 -0.688509
393 0.245524 0.415305
394 -8.278970 9.446168
395 2.091827 7.174512
396 6.487458 -4.618035
397 2.655355 9.408299
398 8.591222 -0.019014
399 -9.400634 9.092281
400 6.454932 3.336243
401 -9.093583 8.440437
402 9.952523 -7.168882
403 -9.300826 -8.615687
404 7.078424 6.639027
405 -4.779955 3.033823
406 -1.547224 -6.669436
407 -2.995262 2.878578
408 4.023876 8.042084
409 5.871618 0.835371
410 -1.185559 8.416522
411 -5.148249 9.253247
412 -5.887849 0.799459
413 -2.657463 -6.770310
414 9.405141 4.620826
415 9.961411 -9.059320
416 -6.200965 -7.849014
417 -2.832804 3.406478
418 -9.902363 -8.723440
419 -0.488130 1.858796
420 3.172120 2.001772
421 6.804449 1.397431
422 7.318045 -0.357999
423 0.244961 -5.979369
424 5.317088 -2.356006
425 -4.605911 1.862454
426 2.626109 -3.306119
427 -0.002996 -0.594345
428 -6.759800 -7.991633
429 8.265885 -1.328141
430 2.674591 -8.397027
431 2.457617 1.754415
432 -2.837805 0.684137
433 -9.230382 4.735769
434 -3.149884 -7.324942
435 -9.863093 7.815808
436 7.360277 -6.208857
437 5.329352 5.516264
438 2.534408 1.580795
439 1.715975 -0.477840
440 -2.817872 0.682724
441 -0.563000 4.282367
442 1.655164 5.735991
443 -8.477907 -3.542144
444 8.030203 -6.493192
445 -6.292743 -8.752060
446 2.639652 6.529723
447 -2.350690 -4.224403
448 -7.425267 6.447495
449 5.932615 -8.624757
450 1.296610 9.005605
451 -1.233010 -0.275014
452 -8.799927 1.495729
453 2.682548 4.366703
454 4.104664 -0.903932
455 8.710358 3.219129
456 -4.858458 7.238329
457 -1.282875 3.430376
458 9.349397 -1.380995
459 -6.666828 0.678389
460 0.075176 -0.622998
461 -5.132865 5.210104
462 -3.476087 -0.726090
463 6.159818 1.320405
464 -4.456519 0.052979
465 -9.410133 4.575208
466 0.229524 -9.547624
467 -1.464328 -9.246863
468 5.578492 8.813419
469 6.030306 0.457802
470 -6.571344 -2.884828
471 -6.028005 -9.950324
472 -0.428299 3.064599
473 -6.685384 -5.358717
474 -3.164162 4.567565
475 3.202649 6.853522
476 5.099669 0.947825
477 -5.900626 -9.988958
478 -4.185449 0.657417
479 -0.266348 -9.167877
480 -4.808475 -8.900443
481 -3.763760 4.567122
482 3.865783 7.703453
483 1.833597 3.073851
484 8.983950 -0.037851
485 -3.264447 0.616920
486 8.571421 1.127763
487 8.891927 -3.488721
488 3.944580 -1.832679
489 -8.197600 3.628672
490 0.525158 8.540759
491 5.513259 9.691321
492 0.771256 -1.187854
493 6.445866 -9.527465
494 -2.724984 -2.146234
495 -0.835771 -2.177165
496 0.410124 -6.632736
497 5.435524 -3.401929
498 5.875156 2.096546
499 1.930906 5.001303
500 9.197646 6.055145
501 1.587431 4.195193
502 -1.919026 5.803835
503 -7.646623 3.192482
504 -8.752797 3.263139
505 -6.978716 6.663657
506 -1.566952 8.249942
507 5.915973 9.156391
508 0.813095 -6.557128
509 7.680631 -5.594954
510 -8.280565 -4.002469
511 1.816832 -1.726291
512 9.333188 6.160512
513 -9.463989 8.755402
514 8.874413 -8.144222
515 0.071756 9.117415
516 -2.039596 -1.293330
517 0.704638 -5.617636
518 8.722772 -2.757883
519 -7.491345 -9.782670
520 4.027059 -2.287741
521 -9.427093 8.424505
522 3.842617 -9.128500
523 -3.640227 -7.160629
524 -0.476547 -9.354706
525 -2.641481 0.163450
526 -2.326668 -9.723600
527 3.316329 4.256716
528 7.288777 -9.184507
529 -2.570562 -6.828105
530 -3.995132 5.775785
531 3.089133 -8.668358
532 5.885601 -4.704368
533 7.600572 2.710809
534 2.561555 8.111596
535 3.718601 9.896511
536 2.042686 -5.208271
537 1.648510 -4.828902
538 -2.652679 -7.374554
539 2.543089 9.876339
540 4.549446 -1.120879
541 4.942120 -2.533484
542 1.973796 -3.115646
543 -2.882427 -3.107803
544 -7.126625 3.981761
545 -9.355831 -9.584820
546 -0.546339 -5.915419
547 -8.826807 4.548613
548 -9.600179 2.825657
549 4.345272 -4.076398
550 4.774849 -3.361963
551 -4.120115 1.664870
552 0.081714 -6.641877
553 3.044951 -9.580800
554 0.862855 3.771888
555 -4.844682 1.004202
556 -6.016327 5.387231
557 3.025884 -0.779357
558 9.371882 -4.933127
559 1.068374 5.394740
560 -0.451000 3.630551
561 0.587737 -6.573811
562 -1.710230 -6.820848
563 0.760914 4.553626
564 -0.673710 9.236316
565 -8.757733 3.879204
566 3.477416 8.432192
567 3.831934 3.888808
568 0.934888 9.000394
569 -0.743478 -0.690593
570 -5.369481 -0.786848
571 7.182495 -1.537543
572 -4.940865 7.589819
573 -2.729466 3.653765
574 -3.867971 4.105946
575 7.282928 5.911591
576 -9.506418 4.774751
577 7.726527 -2.356881
578 -7.332091 -0.816244
579 1.485752 0.795824
580 9.943077 -0.175488
581 -2.123936 7.863493
582 5.547380 -2.489943
583 -1.433615 0.527062
584 -5.056849 -1.434975
585 -3.308245 3.969548
586 -4.401865 9.498971
587 1.717934 -8.715686
588 -3.761065 -2.746181
589 9.184478 -2.580815
590 -5.973397 -7.789073
591 3.652672 9.572285
592 2.507061 -6.032532
593 5.204774 -3.617131
594 7.043275 -8.031373
595 1.055526 7.212862
596 -3.897561 -4.337561
597 3.682142 -3.791747
598 -4.660498 -1.848302
599 8.121102 -3.837557
600 -8.719890 8.756096
601 3.911201 -4.641380
602 2.337267 4.272133
603 -9.311857 -5.329613
604 8.002157 -7.985263
605 3.852017 -6.059994
606 0.915483 -3.561635
607 0.341003 -5.263664
608 -1.992809 -0.681104
609 -8.658304 -0.447737
610 -2.375109 -5.584444
611 -2.432642 -6.054609
612 6.127643 -4.514346
613 -5.784974 -4.496199
614 -4.162328 -3.937709
615 3.496559 0.458848
616 -0.933248 3.709705
617 -8.581861 -9.676188
618 2.478111 -2.609860
619 -8.570534 3.982931
620 1.385157 -8.748774
621 9.106831 9.411296
622 -1.838028 -7.209191
623 -0.714969 7.815752
624 -9.354234 4.654850
625 0.157730 -9.794902
626 7.018344 0.460153
627 1.229956 -1.192451
628 -7.675150 4.505078
629 7.515859 -6.490456
630 -1.662644 -0.457734
631 0.485684 3.649960
632 2.386527 6.310982
633 -4.094005 -9.992959
634 6.506430 9.218627
635 2.396004 -0.046079
636 8.163164 2.904177
637 -4.124867 -0.828949
638 6.666228 3.397987
639 8.999915 -0.188167
640 8.034084 -3.312679
641 -9.990347 -8.879497
642 -5.707659 8.710615
643 -7.781445 0.273941
644 -6.018535 -3.851603
645 -5.584697 3.025974
646 2.417844 -2.347983
647 -4.593034 -6.874379
648 -3.876829 1.067143
649 -8.492370 -5.990410
650 -7.968366 -8.095172
651 1.585441 -8.769277
652 -4.203066 -6.079477
653 -9.762155 1.951829
654 2.647055 8.789837
655 -4.408554 0.034540
656 3.439251 -2.472404
657 -2.535213 -5.187319
658 -0.732571 -5.333286
659 -2.408961 9.370118
660 -2.524345 -6.707188
661 -7.093272 4.209527
662 7.254610 8.418139
663 -3.899841 -0.034931
664 -7.956594 -9.624857
665 7.938779 -1.693587
666 -8.117381 -5.083681
667 1.355814 -9.446755
668 1.253696 -1.466146
669 -0.835187 2.323342
670 -6.773452 -2.722923
671 -2.096764 1.073148
672 -2.977967 -0.412456
673 4.489566 -8.018679
674 -3.259122 -3.084346
675 -6.716761 5.078409
676 -2.310424 8.134599
677 -5.624426 4.859451
678 6.248482 8.977124
679 2.608422 -9.149894
680 -8.547409 2.727525
681 -0.861124 -7.227629
682 -3.332119 3.715769
683 2.862065 -2.543040
684 3.346833 -9.325810
685 -4.374341 3.481461
686 2.974740 -3.236998
687 -4.651490 0.580359
688 9.306120 -0.856856
689 -5.299284 2.396848
690 -7.875732 -8.180183
691 -2.823582 -5.558229
692 4.400861 -0.861302
693 -0.388621 -6.870033
694 -6.379216 8.714252
695 -9.478696 0.990164
696 -5.938435 1.171843
697 -5.126398 7.017797
698 6.643881 -5.499986
699 -8.424589 6.344914
700 -1.955619 -7.703327
701 -3.477594 -5.031418
702 2.405831 0.081032
703 -7.060227 5.464541
704 7.911689 -4.236422
705 7.070645 4.178659
706 5.802747 2.967784
707 2.946118 9.437534
708 -7.380071 8.338063
709 6.421062 5.380154
710 5.350553 -1.134867
711 2.768630 -2.298651
712 -8.539068 -0.533519
713 6.557565 -3.806017
714 3.455652 -5.676956
715 0.999405 -4.009619
716 -7.558758 -2.997823
717 0.366019 0.552947
718 2.716046 -0.796979
719 5.370495 -8.035999
720 2.474067 2.624724
721 -8.032826 4.007342
722 8.245169 2.405475
723 -6.865509 -2.832477
724 3.322209 -2.975726
725 -0.006998 -5.660628
726 -6.102505 -2.037742
727 -2.347860 -4.652749
728 -6.303209 -3.360861
729 3.080307 -9.459897
730 7.370986 -7.092243
731 7.378722 -3.134845
732 9.056162 1.621944
733 3.206056 -4.651140
734 7.594389 -6.026989
735 -4.553452 -1.496445
736 -2.040157 8.419375
737 -8.221463 -1.270115
738 -2.388421 -3.545719
739 -7.929428 6.285526
740 8.889256 8.272847
741 -4.194125 1.692556
742 -8.016995 -6.965018
743 8.185295 2.647677
744 -6.871198 -6.482705
745 -3.380250 2.336646
746 5.629782 4.907794
747 -1.013525 2.855858
748 1.456872 5.822641
749 -1.045708 -4.690519
750 8.307676 -1.742248
751 -2.860590 8.197213
752 9.289799 6.817850
753 -6.019373 -0.545417
754 2.013403 3.872681
755 6.625456 9.839024
756 -1.344193 -4.410354
757 9.419828 -2.076081
758 -9.821781 8.110322
759 -3.409226 -6.104554
760 5.614807 -1.542897
761 -3.122453 -2.464183
762 -4.271075 4.819018
763 -9.958330 3.411471
764 -1.126441 -4.632544
765 -3.745356 -5.018624
766 -6.203475 -5.706174
767 -7.886846 -7.450081
768 7.511422 8.131758
769 8.239445 2.341501
770 4.536279 9.842652
771 -3.040532 -5.766187
772 2.822155 -7.759808
773 -7.304792 3.906829
774 8.811187 -5.939982
775 7.046487 -4.193528
776 -8.983891 -2.137301
777 -0.509158 2.133690
778 -9.261006 2.924040
779 -2.095846 -1.478499
780 -0.955612 9.364852
781 3.595265 -2.033781
782 9.326537 -4.798939
783 -3.259147 -2.520914
784 -4.112607 -1.508921
785 6.529486 -8.606340
786 4.253436 7.159474
787 -4.858676 -6.555134
788 -3.681861 4.219697
789 5.325011 -6.293665
790 -0.630619 8.573566
791 -6.487128 0.401588
792 2.952877 5.904757
793 6.929293 -6.869807
794 9.504515 -9.333562
795 -4.193539 7.883537
796 8.446393 4.539844
797 -1.248168 -0.824692
798 2.545736 -7.304468
799 6.438375 -7.134184
800 8.829964 -8.520366
801 -8.167544 -4.876678
802 1.530523 -4.816378
803 -4.751452 1.712765
804 -1.473302 5.180648
805 9.076913 -6.836800
806 -2.476309 8.987772
807 9.965075 -7.185168
808 3.652156 -5.835804
809 -8.625376 -3.051906
810 -8.926470 -0.628704
811 -9.899368 -8.566013
812 -0.761141 -0.520586
813 -2.309856 2.060049
814 5.126212 -0.824210
815 1.783123 -5.765857
816 3.273358 -2.384085
817 5.665737 -9.730771
818 -1.161789 -6.461280
819 -8.998490 1.213209
820 2.845975 3.976034
821 5.305093 6.980992
822 -4.530411 -8.439732
823 -8.070677 -7.273796
824 8.924661 8.276205
825 7.320119 -2.689557
826 -6.727347 2.301658
827 5.136866 -9.667972
828 -5.147212 -3.283829
829 6.729736 8.914842
830 -5.233531 8.370765
831 -0.273126 3.045680
832 -1.873061 9.650209
833 9.380900 -7.360561
834 9.691962 -0.899847
835 1.618292 6.809093
836 -5.980566 -8.748693
837 -2.972977 -7.271002
838 0.122221 3.397925
839 6.851730 -4.889097
840 6.798886 7.731499
841 -3.163151 2.341752
842 -7.230922 8.694555
843 5.956442 7.641086
844 -9.080937 -4.873269
845 7.348846 -9.029631
846 -8.953036 -7.450726
847 -9.093140 7.857612
848 4.531198 -2.335640
849 9.606088 -2.657631
850 -8.530679 7.859457
851 -5.379358 5.655091
852 -5.692252 5.709584
853 -0.805571 2.212643
854 -0.696886 5.859139
855 -2.676675 -9.497605
856 -6.476804 0.574163
857 -9.644384 -7.128729
858 -1.189991 -2.555362
859 4.773257 7.110060
860 -6.471892 7.772061
861 2.677268 -5.745908
862 -5.968563 -8.932809
863 2.492594 0.345727
864 -9.378914 7.522090
865 -4.188725 -4.272320
866 1.501187 -3.166627
867 -1.284980 5.488862
868 -3.905739 -0.782880
869 1.898442 -5.451995
870 -5.325279 2.173724
871 -1.902307 1.284180
872 2.326460 -8.808337
873 0.029402 -8.404456
874 5.944695 9.877590
875 -7.776621 -3.459771
876 -1.012907 -4.969408
877 -3.406876 -9.358117
878 8.849447 8.293459
879 -0.671893 -8.856738
880 -8.076753 1.612993
881 6.725659 -9.639272
882 -3.519687 6.368315
883 2.791622 -9.469717
884 5.214458 -5.189425
885 7.871271 -7.635873
886 -5.031994 -9.477382
887 -5.412415 4.832362
888 -3.030935 -5.428302
889 9.068579 1.741614
890 -1.277350 5.903330
891 1.917141 -7.099833
892 5.289114 -7.219445
893 0.774128 -6.467816
894 5.150457 -7.992761
895 -4.896699 6.520419
896 -3.886746 -2.368828
897 2.811841 -9.921433
898 9.674724 5.076469
899 6.822381 -8.662903
900 9.148530 0.428627
901 -4.357473 5.469859
902 -2.311924 8.548181
903 7.074151 -5.077350
904 4.306407 -9.144594
905 4.092841 6.370202
906 -7.560983 -6.779175
907 -8.326797 -2.857055
908 4.633672 8.911216
909 7.155780 -3.551843
910 -9.924217 1.416010
911 -9.854901 1.916804
912 9.167328 2.821843
913 -4.015059 -8.250114
914 6.071317 5.389664
915 -6.920432 -2.352574
916 -0.903008 2.744075
917 0.359680 -6.782944
918 -3.571849 -6.740169
919 8.712014 -2.547972
920 -1.520607 9.002698
921 2.209375 -7.973827
922 1.047282 -5.315355
923 -0.874706 -7.448665
924 7.654418 3.194827
925 -6.854089 -9.281376
926 4.422659 -9.069236
927 6.330080 8.749059
928 3.068074 -5.282846
929 3.606892 -4.473938
930 4.435957 3.006657
931 1.112704 -8.386703
932 8.137215 -0.928448
933 4.327329 4.396049
934 -3.166813 3.362118
935 -4.768107 -3.678139
936 -4.074261 -3.791383
937 -2.371101 -8.488981
938 4.097525 -8.909642
939 2.346053 7.634101
940 -5.716049 5.074929
941 -3.510763 9.873996
942 -6.248594 -7.488758
943 5.053676 -0.646734
944 -6.353378 -0.543227
945 8.144612 -8.321835
946 7.754951 3.630864
947 2.684725 9.986150
948 -6.866335 7.711082
949 3.530030 2.798432
950 3.662901 -4.779102
951 -7.149597 -3.002455
952 -0.681706 -8.302412
953 7.912672 -3.674549
954 8.039364 6.371975
955 2.689604 -3.328574
956 -2.492831 -0.677268
957 -2.597558 -7.906523
958 0.020728 9.095035
959 5.856482 -3.847047
960 -0.326149 4.308542
961 -2.543091 8.811141
962 9.370985 4.527889
963 -5.050098 6.565721
964 -0.053171 -2.878956
965 3.467706 -4.256955
966 -0.707962 3.903481
967 1.710411 3.502496
968 2.392959 0.050757
969 -9.342808 2.123983
970 5.965287 1.194438
971 3.448856 -9.268961
972 -6.892654 3.954671
973 -7.124350 9.446763
974 8.726157 -1.890894
975 3.745958 -2.704544
976 -4.324378 5.479466
977 7.671194 -9.204548
978 -0.860679 4.374453
979 9.329747 -6.832055
980 1.438933 4.459254
981 -2.001938 8.579307
982 -6.363674 6.310448
983 -5.924381 -8.231332
984 0.952094 9.198529
985 0.620206 3.261845
986 -5.243358 -7.613284
987 -1.699224 3.827218
988 -5.217648 8.273088
989 6.612518 4.115831
990 -9.437494 -1.885346
991 -8.086419 0.548225
992 -7.372182 8.236433
993 -5.579974 1.380988
994 8.616666 -7.579618
995 -1.482952 -1.468349
996 -8.553903 -9.815676
997 9.573760 2.600440
998 4.624469 5.887447
999 9.256901 -4.893750
1000 -5.356261 -7.063342
1001 -5.325400 3.717462
