1 1.271702 -6.545275
1 1.372789 -5.550398
1 1.753324 -4.625631
1 2.524370 -3.988852
1 3.172246 -3.227106
1 2.942831 -2.253778
1 2.208234 -1.575274
1 1.804406 -0.660439
1 1.139937 0.086876
1 0.718842 0.993893
1 0.945919 1.967770
1 1.458675 2.826304
1 1.030103 3.729812
1 0.041526 3.880525
1 -0.597669 3.111480
1 -1.376394 2.484115
1 -2.328656 2.178834
1 -3.263623 2.533569
1 -4.209759 2.209798
1 -5.019164 1.622546
0 -5.589639 0.801232
2 4.519559 -3.187529
3 -0.026053 -1.836722
4 4.094148 -4.171789
5 -1.775556 -1.285947
6 4.690896 -0.653779
7 -4.373269 -0.009496
8 -3.632858 1.643879
9 -2.993119 -0.379545
10 4.585230 -2.204132
11 -1.183072 3.943859
12 -1.928233 -0.575412
13 3.963519 3.082671
14 4.230256 4.643129
15 -3.473306 2.631325
16 2.988515 -3.245798
17 0.274735 -2.971510
18 1.505574 4.278986
19 -1.769260 4.417582
20 1.593955 -0.835950
21 -2.549419 1.538719
22 -4.569377 3.303151
23 1.597759 1.370674
24 -1.091833 1.454979
25 1.061354 -4.089527
26 0.713026 -0.481062
27 3.931559 -4.492222
28 -2.654844 -0.637107
29 1.592384 -1.180850
30 -2.976870 1.426612
31 0.279397 4.594492
32 3.407467 -3.465888
33 0.991948 2.326377
34 -0.088269 1.883402
35 4.003919 4.819037
36 0.115123 -0.977818
37 -1.895224 0.823925
38 2.707619 -4.787260
39 -4.525400 2.535432
40 2.782276 -3.337093
41 -3.436697 4.572809
42 -1.566723 -1.753100
43 -2.675802 1.297758
44 -0.812587 0.848152
45 4.897421 1.252629
46 -0.183579 -3.948167
47 0.956641 -2.194401
48 0.621148 -2.716787
49 4.022150 4.410738
50 -1.629807 2.480998
51 4.501945 0.351657
52 -3.104210 3.447255
53 3.776592 -4.879504
54 3.830348 -3.678623
55 2.147497 -2.850072
56 0.755364 4.105854
57 -4.250521 -3.132775
58 0.080259 -4.318293
59 -2.627495 -4.727806
60 -0.392209 -1.735886
61 2.407910 -4.097155
62 -2.837858 3.227286
63 -2.954120 3.302009
64 4.373370 -2.115320
65 -4.688304 -2.613564
66 -3.067197 -1.298105
67 -3.259312 -3.414562
68 -3.681198 2.749090
69 -1.323439 -3.807711
70 2.327217 -0.099067
71 -3.776425 -1.668506
72 -2.542485 -4.194032
73 4.559154 4.291396
74 -1.739262 -0.753890
75 3.014398 -0.527778
76 2.742143 -2.580436
77 0.185665 -2.579475
78 3.868427 0.217978
79 1.955713 1.633655
80 -0.039658 1.326456
81 -2.356203 -2.877443
82 -1.655300 -4.928994
83 -3.353449 1.990883
84 -2.660594 -0.413011
85 -3.789019 -4.057148
86 4.600548 3.589478
87 4.726213 2.471543
88 4.761582 2.211369
89 4.423944 -2.941671
90 3.683347 1.629236
91 -3.124669 -4.075234
92 -3.571061 -4.544371
93 -2.081201 3.874845
94 -0.355705 4.842035
95 3.119486 -1.848191
96 -2.235148 -0.342773
97 0.327356 -1.299844
98 3.371123 -0.734793
99 2.274312 2.533415
100 4.227971 0.822741
101 2.713897 -0.860945
